0 72.482 -66.8062 -175 -4.32423 
0.1 72.5255 -66.552 -175 -4.04804 
0.2 72.6521 -65.8049 -175 -3.23784 
0.3 72.8554 -64.5881 -175 -1.92117 
0.4 73.1292 -62.9248 -175 -0.125569 
0.5 73.4675 -60.8382 -175 2.12143 
0.6 73.8639 -58.3516 -175 4.79228 
0.7 74.3122 -55.4881 -175 7.85944 
0.8 74.8063 -52.2709 -175 11.2954 
0.9 75.34 -48.7234 -175 15.0726 
1 75.907 -44.8686 -175 19.1634 
1.1 76.5012 -40.7298 -175 23.5404 
1.2 77.1163 -36.3302 -175 28.1761 
1.3 77.7461 -31.693 -175 33.0428 
1.4 78.3845 -26.8414 -175 38.113 
1.5 79.0252 -21.7987 -175 43.3593 
1.6 79.6621 -16.588 -175 48.754 
1.7 80.2888 -11.2326 -175 54.2696 
1.8 80.8993 -5.75569 -175 59.8786 
1.9 81.4874 -0.180438 -175 65.5535 
2 82.0467 5.46992 -175 71.2666 
2.1 82.5711 11.1722 -175 76.9905 
2.2 83.0545 16.9031 -175 82.6976 
2.3 83.4906 22.6395 -175 88.3604 
2.4 83.8732 28.3582 -175 93.9514 
2.5 84.1961 34.0359 -175 99.4429 
2.6 84.4531 39.6495 -175 104.808 
2.7 84.638 45.1756 -175 110.018 
2.8 84.7445 50.5912 -175 115.046 
2.9 84.7666 55.873 -175 119.864 
3 84.698 60.9978 -175 124.446 
3.1 84.5324 65.9423 -175 128.763 
3.2 84.2637 70.6835 -175 132.787 
3.3 83.8858 75.1979 -175 136.492 
3.4 83.3922 79.4626 -175 139.85 
3.5 82.777 83.4541 -175 142.833 
3.6 82.0338 87.1494 -175 145.413 
3.7 81.1565 90.5252 -175 147.564 
3.8 80.1389 93.5583 -175 149.257 
3.9 78.9747 96.2254 -175 150.465 
4 77.6578 98.5035 -175 151.161 
4.1 76.1504 100.496 -175 151.404 
4.2 74.4267 102.324 -175 151.281 
4.3 72.498 103.993 -175 150.809 
4.4 70.3757 105.509 -175 150.002 
4.5 68.0711 106.875 -175 148.877 
4.6 65.5956 108.097 -175 147.449 
4.7 62.9605 109.181 -175 145.734 
4.8 60.1772 110.13 -175 143.747 
4.9 57.2571 110.949 -175 141.504 
5 54.2116 111.645 -175 139.021 
5.1 51.0519 112.221 -175 136.312 
5.2 47.7895 112.683 -175 133.395 
5.3 44.4357 113.035 -175 130.284 
5.4 41.0018 113.283 -175 126.995 
5.5 37.4993 113.431 -175 123.543 
5.6 33.9395 113.485 -175 119.944 
5.7 30.3338 113.449 -175 116.215 
5.8 26.6934 113.328 -175 112.37 
5.9 23.0299 113.128 -175 108.424 
6 19.3545 112.853 -175 104.395 
6.1 15.6786 112.507 -175 100.296 
6.2 12.0136 112.097 -175 96.1443 
6.3 8.37077 111.627 -175 91.955 
6.4 4.76155 111.102 -175 87.7437 
6.5 1.19728 110.527 -175 83.526 
6.6 -2.31068 109.907 -175 79.3175 
6.7 -5.75097 109.246 -175 75.1339 
6.8 -9.11223 108.55 -175 70.9907 
6.9 -12.3831 107.824 -175 66.9035 
7 -15.5522 107.073 -175 62.888 
7.1 -18.6082 106.301 -175 58.9597 
7.2 -21.5397 105.514 -175 55.1343 
7.3 -24.3354 104.716 -175 51.4273 
7.4 -26.9839 103.913 -175 47.8543 
7.5 -29.4738 103.109 -175 44.4311 
7.6 -31.7938 102.309 -175 41.1731 
7.7 -33.9325 101.519 -175 38.096 
7.8 -35.8785 100.743 -175 35.2153 
7.9 -37.6206 99.986 -175 32.5468 
8 -39.1473 99.2532 -175 30.1059 
8.1 -40.4743 98.5224 -175 27.818 
8.2 -41.63 97.7676 -175 25.596 
8.3 -42.6223 96.9876 -175 23.4376 
8.4 -43.4589 96.1815 -175 21.3401 
8.5 -44.1475 95.3482 -175 19.3012 
8.6 -44.6961 94.4867 -175 17.3184 
8.7 -45.1123 93.5959 -175 15.3891 
8.8 -45.404 92.6748 -175 13.5108 
8.9 -45.5789 91.7223 -175 11.681 
9 -45.6448 90.7374 -175 9.89733 
9.1 -45.6095 89.7192 -175 8.15718 
9.2 -45.4809 88.6664 -175 6.45808 
9.3 -45.2665 87.5782 -175 4.79753 
9.4 -44.9744 86.4534 -175 3.17305 
9.5 -44.6122 85.291 -175 1.58214 
9.6 -44.1877 84.09 -175 0.0222863 
9.7 -43.7088 82.8493 -175 -1.50899 
9.8 -43.1831 81.568 -175 -3.01419 
9.9 -42.6185 80.2449 -175 -4.49582 
10 -42.0228 78.879 -175 -5.95636 
10.1 -41.4038 77.4693 -175 -7.39831 
10.2 -40.7692 76.0147 -175 -8.82417 
10.3 -40.1268 74.5142 -175 -10.2364 
10.4 -39.4844 72.9668 -175 -11.6376 
10.5 -38.8498 71.3714 -175 -13.0302 
10.6 -38.2308 69.727 -175 -14.4166 
10.7 -37.6352 68.0325 -175 -15.7995 
10.8 -37.0707 66.2869 -175 -17.1812 
10.9 -36.5451 64.4892 -175 -18.5644 
11 -36.0662 62.6383 -175 -19.9514 
11.1 -35.6419 60.7332 -175 -21.3447 
11.2 -35.2798 58.7729 -175 -22.747 
11.3 -34.9879 56.7562 -175 -24.1606 
11.4 -34.7737 54.6822 -175 -25.5881 
11.5 -34.6453 52.5499 -175 -27.0319 
11.6 -34.6102 50.3581 -175 -28.4946 
11.7 -34.6764 48.1059 -175 -29.9787 
11.8 -34.8515 45.7921 -175 -31.4866 
11.9 -35.1434 43.4159 -175 -33.0208 
12 -35.5599 40.9761 -175 -34.5839 
12.1 -36.0952 38.369 -175 -36.1978 
12.2 -36.734 35.5029 -175 -37.8792 
12.3 -37.4705 32.3948 -175 -39.6225 
12.4 -38.2984 29.0615 -175 -41.4219 
12.5 -39.2116 25.5198 -175 -43.2719 
12.6 -40.2042 21.7867 -175 -45.1668 
12.7 -41.2699 17.8791 -175 -47.1011 
12.8 -42.4028 13.8138 -175 -49.069 
12.9 -43.5967 9.60764 -175 -51.0651 
13 -44.8455 5.27761 -175 -53.0835 
13.1 -46.1432 0.840555 -175 -55.1188 
13.2 -47.4836 -3.68664 -175 -57.1652 
13.3 -48.8607 -8.2871 -175 -59.2172 
13.4 -50.2684 -12.9439 -175 -61.2692 
13.5 -51.7005 -17.6403 -175 -63.3154 
13.6 -53.1511 -22.3592 -175 -65.3504 
13.7 -54.614 -27.0839 -175 -67.3683 
13.8 -56.0832 -31.7974 -175 -69.3637 
13.9 -57.5524 -36.4829 -175 -71.3309 
14 -59.0158 -41.1235 -175 -73.2643 
14.1 -60.467 -45.7023 -175 -75.1582 
14.2 -61.9002 -50.2024 -175 -77.007 
14.3 -63.3092 -54.6069 -175 -78.8051 
14.4 -64.6878 -58.899 -175 -80.5468 
14.5 -66.0301 -63.0618 -175 -82.2266 
14.6 -67.3299 -67.0783 -175 -83.8388 
14.7 -68.5811 -70.9318 -175 -85.3778 
14.8 -69.7777 -74.6052 -175 -86.8379 
14.9 -70.9135 -78.0818 -175 -88.2136 
15 -71.9826 -81.3447 -175 -89.4992 
15.1 -72.9787 -84.377 -175 -90.689 
15.2 -73.8957 -87.1617 -175 -91.7775 
15.3 -74.7277 -89.6821 -175 -92.759 
15.4 -75.4686 -91.9211 -175 -93.6278 
15.5 -76.1121 -93.8621 -175 -94.3785 
15.6 -76.6523 -95.488 -175 -95.0053 
15.7 -77.0831 -96.7819 -175 -95.5026 
15.8 -77.3983 -97.7271 -175 -95.8647 
15.9 -77.5919 -98.3066 -175 -96.0862 
