21.6 0 0 9.6 
21.456 0 0 9.536 
21.312 0 0 9.472 
21.168 0 0 9.408 
21.024 0 0 9.344 
20.88 0 0 9.28 
20.736 0 0 9.216 
20.592 0 0 9.152 
20.448 0 0 9.088 
20.304 0 0 9.024 
20.16 0 0 8.96 
20.016 0 0 8.896 
19.872 0 0 8.832 
19.728 0 0 8.768 
19.584 0 0 8.704 
19.44 0 0 8.64 
19.296 0 0 8.576 
19.152 0 0 8.512 
19.008 0 0 8.448 
18.864 0 0 8.384 
18.72 0 0 8.32 
18.576 0 0 8.256 
18.432 0 0 8.192 
18.288 0 0 8.128 
18.144 0 0 8.064 
18 0 0 8 
17.856 0 0 7.936 
17.712 0 0 7.872 
17.568 0 0 7.808 
17.424 0 0 7.744 
17.28 0 0 7.68 
17.136 0 0 7.616 
16.992 0 0 7.552 
16.848 0 0 7.488 
16.704 0 0 7.424 
16.56 0 0 7.36 
16.416 0 0 7.296 
16.272 0 0 7.232 
16.128 0 0 7.168 
15.984 0 0 7.104 
15.84 0 0 7.04 
15.696 0 0 6.976 
15.552 0 0 6.912 
15.408 0 0 6.848 
15.264 0 0 6.784 
15.12 0 0 6.72 
14.976 0 0 6.656 
14.832 0 0 6.592 
14.688 0 0 6.528 
14.544 0 0 6.464 
14.4 0 0 6.4 
14.256 0 0 6.336 
14.112 0 0 6.272 
13.968 0 0 6.208 
13.824 0 0 6.144 
13.68 0 0 6.08 
13.536 0 0 6.016 
13.392 0 0 5.952 
13.248 0 0 5.888 
13.104 0 0 5.824 
12.96 0 0 5.76 
12.816 0 0 5.696 
12.672 0 0 5.632 
12.528 0 0 5.568 
12.384 0 0 5.504 
12.24 0 0 5.44 
12.096 0 0 5.376 
11.952 0 0 5.312 
11.808 0 0 5.248 
11.664 0 0 5.184 
11.52 0 0 5.12 
11.376 0 0 5.056 
11.232 0 0 4.992 
11.088 0 0 4.928 
10.944 0 0 4.864 
10.8 0 0 4.8 
10.656 0 0 4.736 
10.512 0 0 4.672 
10.368 0 0 4.608 
10.224 0 0 4.544 
10.08 0 0 4.48 
9.936 0 0 4.416 
9.792 0 0 4.352 
9.648 0 0 4.288 
9.504 0 0 4.224 
9.36 0 0 4.16 
9.216 0 0 4.096 
9.072 0 0 4.032 
8.928 0 0 3.968 
8.784 0 0 3.904 
8.64 0 0 3.84 
8.496 0 0 3.776 
8.352 0 0 3.712 
8.208 0 0 3.648 
8.064 0 0 3.584 
7.92 0 0 3.52 
7.776 0 0 3.456 
7.632 0 0 3.392 
7.488 0 0 3.328 
7.344 0 0 3.264 
7.2 0 0 3.2 
7.056 0 0 3.136 
6.912 0 0 3.072 
6.768 0 0 3.008 
6.624 0 0 2.944 
6.48 0 0 2.88 
6.336 0 0 2.816 
6.192 0 0 2.752 
6.048 0 0 2.688 
5.904 0 0 2.624 
5.76 0 0 2.56 
5.616 0 0 2.496 
5.472 0 0 2.432 
5.328 0 0 2.368 
5.184 0 0 2.304 
5.04 0 0 2.24 
4.896 0 0 2.176 
4.752 0 0 2.112 
4.608 0 0 2.048 
4.464 0 0 1.984 
4.32 0 0 1.92 
4.176 0 0 1.856 
4.032 0 0 1.792 
3.888 0 0 1.728 
3.744 0 0 1.664 
3.6 0 0 1.6 
3.456 0 0 1.536 
3.312 0 0 1.472 
3.168 0 0 1.408 
3.024 0 0 1.344 
2.88 0 0 1.28 
2.736 0 0 1.216 
2.592 0 0 1.152 
2.448 0 0 1.088 
2.304 0 0 1.024 
2.16 0 0 0.96 
2.016 0 0 0.896 
1.872 0 0 0.832 
1.728 0 0 0.768 
1.584 0 0 0.704 
1.44 0 0 0.64 
1.296 0 0 0.576 
1.152 0 0 0.512 
1.008 0 0 0.448 
0.864 0 0 0.384 
0.72 0 0 0.32 
0.576 0 0 0.256 
0.432 0 0 0.192 
0.288 0 0 0.128 
0.144 0 0 0.064 
0 0 0 0 
-0.144 0 0 -0.064 
-0.288 0 0 -0.128 
-0.432 0 0 -0.192 
-0.576 0 0 -0.256 
-0.72 0 0 -0.32 
-0.864 0 0 -0.384 
-1.008 0 0 -0.448 
-1.152 0 0 -0.512 
-1.296 0 0 -0.576 
-1.44 0 0 -0.64 
-1.584 0 0 -0.704 
-1.728 0 0 -0.768 
-1.872 0 0 -0.832 
-2.016 0 0 -0.896 
-2.16 0 0 -0.96 
-2.304 0 0 -1.024 
-2.448 0 0 -1.088 
-2.592 0 0 -1.152 
-2.736 0 0 -1.216 
-2.88 0 0 -1.28 
-3.024 0 0 -1.344 
-3.168 0 0 -1.408 
-3.312 0 0 -1.472 
-3.456 0 0 -1.536 
-3.6 0 0 -1.6 
-3.744 0 0 -1.664 
-3.888 0 0 -1.728 
-4.032 0 0 -1.792 
-4.176 0 0 -1.856 
-4.32 0 0 -1.92 
-4.464 0 0 -1.984 
-4.608 0 0 -2.048 
-4.752 0 0 -2.112 
-4.896 0 0 -2.176 
-5.04 0 0 -2.24 
-5.184 0 0 -2.304 
-5.328 0 0 -2.368 
-5.472 0 0 -2.432 
-5.616 0 0 -2.496 
-5.76 0 0 -2.56 
-5.904 0 0 -2.624 
-6.048 0 0 -2.688 
-6.192 0 0 -2.752 
-6.336 0 0 -2.816 
-6.48 0 0 -2.88 
-6.624 0 0 -2.944 
-6.768 0 0 -3.008 
-6.912 0 0 -3.072 
-7.056 0 0 -3.136 
-7.2 0 0 -3.2 
-7.344 0 0 -3.264 
-7.488 0 0 -3.328 
-7.632 0 0 -3.392 
-7.776 0 0 -3.456 
-7.92 0 0 -3.52 
-8.064 0 0 -3.584 
-8.208 0 0 -3.648 
-8.352 0 0 -3.712 
-8.496 0 0 -3.776 
-8.64 0 0 -3.84 
-8.784 0 0 -3.904 
-8.928 0 0 -3.968 
-9.072 0 0 -4.032 
-9.216 0 0 -4.096 
-9.36 0 0 -4.16 
-9.504 0 0 -4.224 
-9.648 0 0 -4.288 
-9.792 0 0 -4.352 
-9.936 0 0 -4.416 
-10.08 0 0 -4.48 
-10.224 0 0 -4.544 
-10.368 0 0 -4.608 
-10.512 0 0 -4.672 
-10.656 0 0 -4.736 
-10.8 0 0 -4.8 
-10.944 0 0 -4.864 
-11.088 0 0 -4.928 
-11.232 0 0 -4.992 
-11.376 0 0 -5.056 
-11.52 0 0 -5.12 
-11.664 0 0 -5.184 
-11.808 0 0 -5.248 
-11.952 0 0 -5.312 
-12.096 0 0 -5.376 
-12.24 0 0 -5.44 
-12.384 0 0 -5.504 
-12.528 0 0 -5.568 
-12.672 0 0 -5.632 
-12.816 0 0 -5.696 
-12.96 0 0 -5.76 
-13.104 0 0 -5.824 
-13.248 0 0 -5.888 
-13.392 0 0 -5.952 
-13.536 0 0 -6.016 
-13.68 0 0 -6.08 
-13.824 0 0 -6.144 
-13.968 0 0 -6.208 
-14.112 0 0 -6.272 
-14.256 0 0 -6.336 
-14.4 0 0 -6.4 
-14.544 0 0 -6.464 
-14.688 0 0 -6.528 
-14.832 0 0 -6.592 
-14.976 0 0 -6.656 
-15.12 0 0 -6.72 
-15.264 0 0 -6.784 
-15.408 0 0 -6.848 
-15.552 0 0 -6.912 
-15.696 0 0 -6.976 
-15.84 0 0 -7.04 
-15.984 0 0 -7.104 
-16.128 0 0 -7.168 
-16.272 0 0 -7.232 
-16.416 0 0 -7.296 
-16.56 0 0 -7.36 
-16.704 0 0 -7.424 
-16.848 0 0 -7.488 
-16.992 0 0 -7.552 
-17.136 0 0 -7.616 
-17.28 0 0 -7.68 
-17.424 0 0 -7.744 
-17.568 0 0 -7.808 
-17.712 0 0 -7.872 
-17.856 0 0 -7.936 
-18 0 0 -8 
-18.144 0 0 -8.064 
-18.288 0 0 -8.128 
-18.432 0 0 -8.192 
-18.576 0 0 -8.256 
-18.72 0 0 -8.32 
-18.864 0 0 -8.384 
-19.008 0 0 -8.448 
-19.152 0 0 -8.512 
-19.296 0 0 -8.576 
-19.44 0 0 -8.64 
-19.584 0 0 -8.704 
-19.728 0 0 -8.768 
-19.872 0 0 -8.832 
-20.016 0 0 -8.896 
-20.16 0 0 -8.96 
-20.304 0 0 -9.024 
-20.448 0 0 -9.088 
-20.592 0 0 -9.152 
-20.736 0 0 -9.216 
-20.88 0 0 -9.28 
-21.024 0 0 -9.344 
-21.168 0 0 -9.408 
-21.312 0 0 -9.472 
-21.456 0 0 -9.536 
