0 0 0 0 0 
0.1 1.87129 4.10973 0 5.55289 
0.2 3.63088 8.02937 0 10.8227 
0.3 5.27879 11.7589 0 15.8096 
0.4 6.81501 15.2983 0 20.5134 
0.5 8.23955 18.6477 0 24.9341 
0.6 9.55239 21.8069 0 29.0718 
0.7 10.7535 24.7761 0 32.9265 
0.8 11.843 27.5551 0 36.4981 
0.9 12.8208 30.1441 0 39.7868 
1 13.6869 32.543 0 42.7923 
1.1 14.4413 34.7517 0 45.5149 
1.2 15.084 36.7704 0 47.9544 
1.3 15.615 38.5989 0 50.1108 
1.4 16.0344 40.2374 0 51.9843 
1.5 16.342 41.6858 0 53.5747 
1.6 16.538 42.9441 0 54.882 
1.7 16.6222 44.0123 0 55.9064 
1.8 16.5948 44.8903 0 56.6477 
1.9 16.4557 45.5783 0 57.1059 
2 16.2049 46.0762 0 57.2811 
2.1 15.8424 46.384 0 57.1733 
2.2 15.3683 46.5017 0 56.7825 
2.3 14.7824 46.4293 0 56.1086 
2.4 14.0849 46.1668 0 55.1517 
2.5 13.2756 45.7142 0 53.9117 
2.6 12.3547 45.0715 0 52.3887 
2.7 11.3221 44.2387 0 50.5827 
2.8 10.1778 43.2159 0 48.4936 
2.9 8.92178 42.0029 0 46.1215 
3 7.5541 40.5998 0 43.4664 
3.1 6.07473 39.0066 0 40.5282 
3.2 4.48368 37.2234 0 37.307 
3.3 2.78093 35.25 0 33.8028 
3.4 0.9665 33.0865 0 30.0155 
3.5 -0.959622 30.733 0 25.9452 
3.6 -2.99743 28.1893 0 21.5919 
3.7 -5.14693 25.4556 0 16.9555 
3.8 -7.40812 22.5317 0 12.0361 
3.9 -9.78099 19.4178 0 6.83364 
4 -12.2656 16.1137 0 1.34815 
4.1 -15.07 14.516 0 -2.90125 
4.2 -17.7378 12.9754 0 -6.96394 
4.3 -20.269 11.492 0 -10.8399 
4.4 -22.6636 10.0657 0 -14.5292 
4.5 -24.9215 8.69648 0 -18.0317 
4.6 -27.0429 7.38445 0 -21.3475 
4.7 -29.0276 6.12955 0 -24.4766 
4.8 -30.8758 4.93178 0 -27.419 
4.9 -32.5873 3.79116 0 -30.1747 
5 -34.1622 2.70767 0 -32.7436 
5.1 -35.6005 1.68131 0 -35.1258 
5.2 -36.9022 0.712091 0 -37.3213 
5.3 -38.0673 -0.199992 0 -39.3301 
5.4 -39.0957 -1.05494 0 -41.1522 
5.5 -39.9876 -1.85275 0 -42.7876 
5.6 -40.7428 -2.59342 0 -44.2362 
5.7 -41.3614 -3.27696 0 -45.4982 
5.8 -41.8434 -3.90337 0 -46.5734 
5.9 -42.1888 -4.47263 0 -47.4619 
6 -42.3976 -4.98476 0 -48.1636 
6.1 -42.4698 -5.43976 0 -48.6787 
6.2 -42.4054 -5.83761 0 -49.007 
6.3 -42.2043 -6.17833 0 -49.1487 
6.4 -41.8666 -6.46192 0 -49.1036 
6.5 -41.3924 -6.68837 0 -48.8717 
6.6 -40.7815 -6.85768 0 -48.4532 
6.7 -40.034 -6.96986 0 -47.848 
6.8 -39.1499 -7.0249 0 -47.056 
6.9 -38.1291 -7.0228 0 -46.0773 
7 -36.9718 -6.96357 0 -44.9119 
7.1 -35.6778 -6.8472 0 -43.5598 
7.2 -34.2473 -6.6737 0 -42.021 
7.3 -32.6801 -6.44306 0 -40.2954 
7.4 -30.9763 -6.15528 0 -38.3832 
7.5 -29.1359 -5.81037 0 -36.2842 
7.6 -27.1589 -5.40832 0 -33.9985 
7.7 -25.0453 -4.94914 0 -31.5261 
7.8 -22.7951 -4.43282 0 -28.8669 
7.9 -20.4082 -3.85936 0 -26.0211 
8 -17.8847 -3.22877 0 -22.9885 
8.1 -16.1795 -2.71827 0 -21.6161 
8.2 -14.5471 -2.25554 0 -20.3011 
8.3 -12.9876 -1.84059 0 -19.0434 
8.4 -11.5009 -1.47343 0 -17.8431 
8.5 -10.0871 -1.15404 0 -16.7001 
8.6 -8.74614 -0.882427 0 -15.6145 
8.7 -7.47803 -0.658595 0 -14.5862 
8.8 -6.28278 -0.482541 0 -13.6153 
8.9 -5.16038 -0.354266 0 -12.7018 
9 -4.11083 -0.273769 0 -11.8455 
9.1 -3.13414 -0.241051 0 -11.0467 
9.2 -2.23031 -0.256111 0 -10.3052 
9.3 -1.39932 -0.31895 0 -9.62101 
9.4 -0.641197 -0.429567 0 -8.9942 
9.5 0.0440747 -0.587963 0 -8.42475 
9.6 0.656492 -0.794137 0 -7.91265 
9.7 1.19605 -1.04809 0 -7.4579 
9.8 1.66276 -1.34982 0 -7.0605 
9.9 2.05662 -1.69933 0 -6.72045 
10 2.37761 -2.09662 0 -6.43776 
10.1 2.62576 -2.54169 0 -6.21241 
10.2 2.80105 -3.03453 0 -6.04442 
10.3 2.90348 -3.57515 0 -5.93378 
10.4 2.93306 -4.16356 0 -5.8805 
10.5 2.88978 -4.79974 0 -5.88456 
10.6 2.77365 -5.4837 0 -5.94598 
10.7 2.58467 -6.21543 0 -6.06475 
10.8 2.32283 -6.99495 0 -6.24087 
10.9 1.98814 -7.82225 0 -6.47434 
11 1.58059 -8.69732 0 -6.76517 
11.1 1.10018 -9.62017 0 -7.11335 
11.2 0.546926 -10.5908 0 -7.51887 
11.3 -0.079187 -11.6092 0 -7.98176 
11.4 -0.778155 -12.6754 0 -8.50199 
11.5 -1.54998 -13.7894 0 -9.07957 
11.6 -2.39465 -14.9511 0 -9.71451 
11.7 -3.31219 -16.1606 0 -10.4068 
11.8 -4.30257 -17.4179 0 -11.1564 
11.9 -5.36581 -18.723 0 -11.9634 
12 -6.50191 -20.0759 0 -12.8278 
12.1 -7.40311 -23.2056 0 -13.8205 
12.2 -8.24976 -26.1492 0 -14.7458 
12.3 -9.04186 -28.9065 0 -15.6038 
12.4 -9.77941 -31.4775 0 -16.3944 
12.5 -10.4624 -33.8623 0 -17.1177 
12.6 -11.0908 -36.0609 0 -17.7736 
12.7 -11.6647 -38.0733 0 -18.3622 
12.8 -12.1841 -39.8994 0 -18.8834 
12.9 -12.6489 -41.5392 0 -19.3373 
13 -13.0591 -42.9928 0 -19.7238 
13.1 -13.4148 -44.2602 0 -20.043 
13.2 -13.7159 -45.3414 0 -20.2948 
13.3 -13.9625 -46.2363 0 -20.4793 
13.4 -14.1546 -46.9449 0 -20.5964 
13.5 -14.292 -47.4673 0 -20.6461 
13.6 -14.375 -47.8035 0 -20.6285 
13.7 -14.4034 -47.9535 0 -20.5435 
13.8 -14.3772 -47.9172 0 -20.3912 
13.9 -14.2965 -47.6946 0 -20.1716 
14 -14.1612 -47.2859 0 -19.8846 
14.1 -13.9714 -46.6908 0 -19.5302 
14.2 -13.727 -45.9096 0 -19.1085 
14.3 -13.4281 -44.9421 0 -18.6194 
14.4 -13.0746 -43.7884 0 -18.063 
14.5 -12.6666 -42.4484 0 -17.4392 
14.6 -12.204 -40.9222 0 -16.748 
14.7 -11.6869 -39.2097 0 -15.9895 
14.8 -11.1152 -37.311 0 -15.1637 
14.9 -10.4889 -35.2261 0 -14.2705 
15 -9.80816 -32.9549 0 -13.3099 
15.1 -9.07283 -30.4975 0 -12.282 
15.2 -8.28294 -27.8538 0 -11.1868 
15.3 -7.4385 -25.024 0 -10.0242 
15.4 -6.53951 -22.0078 0 -8.79421 
15.5 -5.58597 -18.8054 0 -7.49689 
15.6 -4.57788 -15.4168 0 -6.13222 
15.7 -3.51524 -11.842 0 -4.70019 
15.8 -2.39804 -8.0809 0 -3.20082 
15.9 -1.2263 -4.13357 0 -1.63408 
