200 200 100 
200 199.999 100 
200 199.995 100 
200 199.989 100 
200.001 199.98 100 
200.001 199.969 100 
200.002 199.955 100 
200.002 199.939 100 
200.003 199.921 100 
200.004 199.9 100 
200.004 199.876 100 
200.005 199.85 100 
200.006 199.822 100 
200.008 199.791 100 
200.009 199.758 100 
200.01 199.723 100 
200.011 199.685 100 
200.013 199.644 100 
200.015 199.602 100 
200.016 199.557 100 
200.018 199.509 100 
200.02 199.459 100 
200.022 199.407 100 
200.024 199.353 100 
200.026 199.296 100 
200.028 199.237 100 
200.031 199.175 100 
200.033 199.112 100 
200.035 199.045 100 
200.038 198.977 100 
200.041 198.906 100 
200.044 198.833 100 
200.046 198.758 100 
200.049 198.68 100 
200.052 198.6 100 
200.056 198.518 100 
200.059 198.434 100 
200.062 198.347 100 
200.066 198.259 100 
200.069 198.167 100 
200.073 198.074 100 
200.077 197.979 100 
200.08 197.881 100 
200.084 197.781 100 
200.088 197.679 100 
200.093 197.574 100 
200.097 197.468 100 
200.101 197.359 100 
200.105 197.248 100 
200.11 197.135 100 
200.115 197.02 100 
200.119 196.902 100 
200.124 196.783 100 
200.129 196.661 100 
200.134 196.537 100 
200.139 196.411 100 
200.144 196.283 100 
200.15 196.153 100 
200.155 196.021 100 
200.16 195.886 100 
200.166 195.75 100 
200.172 195.611 100 
200.177 195.471 100 
200.183 195.328 100 
200.189 195.183 100 
200.195 195.037 100 
200.202 194.888 100 
200.208 194.737 100 
200.214 194.584 100 
200.221 194.429 100 
200.227 194.272 100 
200.234 194.113 100 
200.241 193.952 100 
200.248 193.789 100 
200.255 193.624 100 
200.262 193.457 100 
200.269 193.288 100 
200.276 193.117 100 
200.284 192.944 100 
200.291 192.769 100 
200.299 192.593 100 
200.306 192.414 100 
200.314 192.233 100 
200.322 192.051 100 
200.33 191.866 100 
200.338 191.68 100 
200.346 191.491 100 
200.355 191.301 100 
200.363 191.109 100 
200.372 190.915 100 
200.38 190.719 100 
200.389 190.521 100 
200.398 190.321 100 
200.407 190.12 100 
200.416 189.916 100 
200.425 189.711 100 
200.434 189.504 100 
200.444 189.295 100 
200.453 189.084 100 
200.463 188.872 100 
200.472 188.657 100 
200.482 188.441 100 
200.492 188.223 100 
200.502 188.003 100 
200.512 187.782 100 
200.522 187.559 100 
200.532 187.333 100 
200.543 187.107 100 
200.553 186.878 100 
200.564 186.648 100 
200.575 186.416 100 
200.586 186.182 100 
200.597 185.946 100 
200.608 185.709 100 
200.619 185.47 100 
200.63 185.229 100 
200.641 184.987 100 
200.653 184.742 100 
200.664 184.497 100 
200.676 184.249 100 
200.688 184 100 
200.7 183.749 100 
200.712 183.497 100 
200.724 183.243 100 
200.736 182.987 100 
200.749 182.729 100 
200.761 182.47 100 
200.774 182.21 100 
200.786 181.947 100 
200.799 181.683 100 
200.812 181.418 100 
200.825 181.151 100 
200.838 180.882 100 
200.852 180.612 100 
200.865 180.34 100 
200.878 180.066 100 
200.892 179.791 100 
200.906 179.515 100 
200.919 179.237 100 
200.933 178.957 100 
200.947 178.676 100 
200.961 178.393 100 
200.976 178.109 100 
200.99 177.823 100 
201.005 177.536 100 
201.019 177.247 100 
201.034 176.957 100 
201.049 176.665 100 
201.064 176.372 100 
201.079 176.077 100 
201.094 175.781 100 
201.109 175.484 100 
201.124 175.185 100 
201.14 174.884 100 
201.155 174.582 100 
201.171 174.279 100 
201.187 173.974 100 
201.203 173.668 100 
201.219 173.36 100 
201.235 173.051 100 
201.252 172.741 100 
201.268 172.429 100 
201.284 172.116 100 
201.301 171.801 100 
201.318 171.485 100 
201.335 171.168 100 
201.352 170.849 100 
201.369 170.529 100 
201.386 170.208 100 
201.403 169.885 100 
201.421 169.561 100 
201.438 169.236 100 
201.456 168.909 100 
201.474 168.581 100 
201.492 168.252 100 
201.51 167.922 100 
201.528 167.59 100 
201.546 167.257 100 
201.565 166.922 100 
201.583 166.587 100 
201.602 166.25 100 
201.621 165.912 100 
201.64 165.573 100 
201.659 165.232 100 
201.678 164.89 100 
201.697 164.547 100 
201.716 164.203 100 
201.736 163.857 100 
201.755 163.511 100 
201.775 163.163 100 
201.795 162.814 100 
201.815 162.463 100 
201.835 162.112 100 
201.855 161.759 100 
201.876 161.406 100 
201.896 161.051 100 
201.917 160.695 100 
201.937 160.338 100 
201.958 159.979 100 
201.979 159.62 100 
202 159.259 100 
202.021 158.898 100 
202.042 158.535 100 
202.064 158.171 100 
202.085 157.806 100 
202.107 157.44 100 
202.129 157.073 100 
202.151 156.705 100 
202.173 156.335 100 
202.195 155.965 100 
202.217 155.594 100 
202.24 155.221 100 
202.262 154.848 100 
202.285 154.473 100 
202.308 154.098 100 
202.331 153.721 100 
202.354 153.344 100 
202.377 152.966 100 
202.4 152.586 100 
202.423 152.206 100 
202.447 151.824 100 
202.471 151.442 100 
202.494 151.058 100 
202.518 150.674 100 
202.542 150.289 100 
202.566 149.902 100 
202.591 149.515 100 
202.615 149.127 100 
202.64 148.738 100 
202.664 148.348 100 
202.689 147.957 100 
202.714 147.565 100 
202.739 147.173 100 
202.764 146.779 100 
202.79 146.385 100 
202.815 145.989 100 
202.84 145.593 100 
202.866 145.196 100 
202.892 144.798 100 
202.918 144.4 100 
202.944 144 100 
202.97 143.6 100 
202.997 143.198 100 
203.023 142.796 100 
203.05 142.393 100 
203.076 141.99 100 
203.103 141.585 100 
203.13 141.18 100 
203.157 140.774 100 
203.184 140.367 100 
203.212 139.959 100 
203.239 139.551 100 
203.267 139.142 100 
203.295 138.732 100 
203.323 138.322 100 
203.351 137.91 100 
203.379 137.498 100 
203.407 137.085 100 
203.435 136.672 100 
203.464 136.258 100 
203.493 135.843 100 
203.521 135.427 100 
203.55 135.011 100 
203.579 134.594 100 
203.609 134.176 100 
203.638 133.758 100 
203.668 133.339 100 
203.697 132.919 100 
203.727 132.499 100 
203.757 132.078 100 
203.787 131.656 100 
203.817 131.234 100 
203.847 130.811 100 
203.878 130.388 100 
203.908 129.964 100 
203.939 129.539 100 
203.97 129.114 100 
204.001 128.688 100 
204.032 128.262 100 
204.063 127.835 100 
204.094 127.407 100 
204.126 126.979 100 
204.157 126.551 100 
204.189 126.122 100 
204.221 125.692 100 
204.253 125.262 100 
204.285 124.831 100 
204.318 124.4 100 
204.35 123.968 100 
204.383 123.536 100 
204.415 123.103 100 
204.448 122.67 100 
204.481 122.236 100 
204.514 121.802 100 
204.547 121.367 100 
204.581 120.932 100 
204.614 120.497 100 
204.648 120.061 100 
204.682 119.624 100 
204.716 119.187 100 
204.75 118.75 100 
204.784 118.312 100 
204.819 117.874 100 
204.853 117.436 100 
204.888 116.997 100 
204.923 116.557 100 
204.958 116.118 100 
204.993 115.678 100 
205.028 115.237 100 
205.063 114.796 100 
205.099 114.355 100 
205.134 113.914 100 
205.17 113.472 100 
205.206 113.03 100 
205.242 112.587 100 
205.278 112.145 100 
205.315 111.701 100 
205.351 111.258 100 
205.388 110.814 100 
205.424 110.37 100 
205.461 109.926 100 
205.498 109.481 100 
205.536 109.036 100 
205.573 108.591 100 
205.61 108.146 100 
205.648 107.7 100 
205.686 107.255 100 
205.724 106.808 100 
205.762 106.362 100 
205.8 105.916 100 
205.838 105.469 100 
205.877 105.022 100 
205.915 104.575 100 
205.954 104.127 100 
205.993 103.68 100 
206.032 103.232 100 
206.071 102.784 100 
206.111 102.336 100 
206.15 101.888 100 
206.19 101.439 100 
206.23 100.991 100 
206.269 100.542 100 
206.31 100.093 100 
206.35 99.6443 100 
206.39 99.1953 100 
206.431 98.7461 100 
206.471 98.2968 100 
206.512 97.8475 100 
206.553 97.398 100 
206.594 96.9485 100 
206.635 96.4988 100 
206.677 96.0492 100 
206.718 95.5994 100 
206.76 95.1496 100 
206.802 94.6998 100 
206.844 94.2499 100 
206.886 93.7999 100 
206.928 93.35 100 
206.971 92.9 100 
207.013 92.45 100 
207.056 92 100 
207.099 91.55 100 
207.142 91.1 100 
207.185 90.65 100 
207.228 90.2001 100 
207.272 89.7501 100 
207.315 89.3003 100 
207.359 88.8504 100 
207.403 88.4006 100 
207.447 87.9508 100 
207.491 87.5012 100 
207.536 87.0515 100 
207.58 86.602 100 
207.625 86.1525 100 
207.67 85.7032 100 
207.715 85.2539 100 
207.76 84.8047 100 
207.805 84.3557 100 
207.851 83.9067 100 
207.896 83.4579 100 
207.942 83.0093 100 
207.988 82.5607 100 
208.034 82.1123 100 
208.08 81.6641 100 
208.126 81.216 100 
208.173 80.7681 100 
208.22 80.3203 100 
208.266 79.8728 100 
208.313 79.4254 100 
208.36 78.9782 100 
208.408 78.5312 100 
208.455 78.0845 100 
208.503 77.6379 100 
208.55 77.1916 100 
208.598 76.7455 100 
208.646 76.2996 100 
208.695 75.854 100 
208.743 75.4086 100 
208.791 74.9635 100 
208.84 74.5187 100 
208.889 74.0741 100 
208.938 73.6298 100 
208.987 73.1857 100 
209.036 72.742 100 
209.086 72.2986 100 
209.135 71.8555 100 
209.185 71.4127 100 
209.235 70.9702 100 
209.285 70.528 100 
209.335 70.0862 100 
209.386 69.6447 100 
209.436 69.2035 100 
209.487 68.7627 100 
209.538 68.3223 100 
209.589 67.8823 100 
209.64 67.4426 100 
209.691 67.0033 100 
209.743 66.5643 100 
209.794 66.1258 100 
209.846 65.6877 100 
209.898 65.25 100 
209.95 64.8127 100 
210.002 64.3758 100 
210.055 63.9394 100 
210.107 63.5034 100 
210.16 63.0679 100 
210.213 62.6328 100 
210.266 62.1981 100 
210.319 61.7639 100 
210.373 61.3302 100 
210.426 60.897 100 
210.48 60.4642 100 
210.534 60.032 100 
210.588 59.6003 100 
210.642 59.169 100 
210.696 58.7383 100 
210.751 58.3081 100 
210.806 57.8784 100 
210.861 57.4493 100 
210.916 57.0206 100 
210.971 56.5926 100 
211.026 56.1651 100 
211.081 55.7382 100 
211.137 55.3118 100 
211.193 54.886 100 
211.249 54.4608 100 
211.305 54.0362 100 
211.361 53.6122 100 
211.418 53.1887 100 
211.474 52.7659 100 
211.531 52.3438 100 
211.588 51.9222 100 
211.645 51.5013 100 
211.703 51.081 100 
211.76 50.6613 100 
211.818 50.2423 100 
211.875 49.824 100 
211.933 49.4063 100 
211.992 48.9893 100 
212.05 48.573 100 
212.108 48.1574 100 
212.167 47.7425 100 
212.226 47.3282 100 
212.285 46.9147 100 
212.344 46.5019 100 
212.403 46.0898 100 
212.462 45.6785 100 
212.522 45.2679 100 
212.582 44.858 100 
212.642 44.4489 100 
212.702 44.0405 100 
212.762 43.6329 100 
212.822 43.2261 100 
212.883 42.82 100 
212.944 42.4147 100 
213.005 42.0103 100 
213.066 41.6066 100 
213.127 41.2037 100 
213.189 40.8017 100 
213.25 40.4004 100 
213.312 40 100 
213.374 39.6004 100 
213.436 39.2017 100 
213.498 38.8038 100 
213.561 38.4067 100 
213.623 38.0106 100 
213.686 37.6152 100 
213.749 37.2208 100 
213.812 36.8273 100 
213.876 36.4346 100 
213.939 36.0428 100 
214.003 35.652 100 
214.067 35.262 100 
214.131 34.873 100 
214.195 34.4848 100 
214.259 34.0977 100 
214.324 33.7114 100 
214.388 33.3261 100 
214.453 32.9417 100 
214.518 32.5584 100 
214.583 32.1759 100 
214.649 31.7945 100 
214.714 31.414 100 
214.78 31.0345 100 
214.846 30.656 100 
214.912 30.2785 100 
214.978 29.902 100 
215.045 29.5265 100 
215.111 29.1521 100 
215.178 28.7786 100 
215.245 28.4063 100 
215.312 28.0349 100 
215.379 27.6646 100 
215.447 27.2953 100 
215.514 26.9272 100 
215.582 26.56 100 
215.65 26.194 100 
215.718 25.829 100 
215.786 25.4652 100 
215.855 25.1024 100 
215.924 24.7407 100 
215.992 24.3802 100 
216.061 24.0207 100 
216.131 23.6624 100 
216.2 23.3053 100 
216.27 22.9492 100 
216.339 22.5943 100 
216.409 22.2406 100 
216.479 21.888 100 
216.549 21.5366 100 
216.62 21.1863 100 
216.691 20.8373 100 
216.761 20.4894 100 
216.832 20.1427 100 
216.903 19.7973 100 
216.975 19.453 100 
217.046 19.1099 100 
217.118 18.7681 100 
217.19 18.4275 100 
217.262 18.0881 100 
217.334 17.75 100 
217.406 17.4131 100 
217.479 17.0775 100 
217.552 16.7432 100 
217.625 16.4101 100 
217.698 16.0783 100 
217.771 15.7477 100 
217.844 15.4185 100 
217.918 15.0906 100 
217.992 14.764 100 
218.066 14.4387 100 
218.14 14.1147 100 
218.215 13.792 100 
218.289 13.4707 100 
218.364 13.1507 100 
218.439 12.832 100 
218.514 12.5147 100 
218.589 12.1988 100 
218.665 11.8842 100 
218.74 11.5711 100 
218.816 11.2593 100 
218.892 10.9488 100 
218.968 10.6398 100 
219.045 10.3322 100 
219.121 10.026 100 
219.198 9.72121 100 
219.275 9.41784 100 
219.352 9.11591 100 
219.429 8.81541 100 
219.507 8.51635 100 
219.584 8.21875 100 
219.662 7.92261 100 
219.74 7.62793 100 
219.818 7.33472 100 
219.897 7.04299 100 
219.975 6.75275 100 
220.054 6.464 100 
220.133 6.17675 100 
220.212 5.89101 100 
220.291 5.60678 100 
220.371 5.32407 100 
220.451 5.04289 100 
220.53 4.76325 100 
220.61 4.48515 100 
220.691 4.20859 100 
220.771 3.93359 100 
220.852 3.66016 100 
220.933 3.38829 100 
221.014 3.118 100 
221.095 2.84929 100 
221.176 2.58218 100 
221.258 2.31666 100 
221.339 2.05274 100 
221.421 1.79044 100 
221.503 1.52975 100 
221.586 1.27069 100 
221.668 1.01326 100 
221.751 0.757469 100 
221.834 0.503324 100 
221.917 0.250832 100 
222 0 100 
222.084 -0.249861 100 
222.168 -0.499444 100 
222.252 -0.74875 100 
222.338 -0.997778 100 
222.423 -1.24653 100 
222.509 -1.495 100 
222.596 -1.74319 100 
222.683 -1.99111 100 
222.771 -2.23875 100 
222.859 -2.48611 100 
222.948 -2.73319 100 
223.037 -2.98 100 
223.127 -3.22653 100 
223.218 -3.47278 100 
223.308 -3.71875 100 
223.4 -3.96444 100 
223.491 -4.20986 100 
223.584 -4.455 100 
223.676 -4.69986 100 
223.77 -4.94444 100 
223.864 -5.18875 100 
223.958 -5.43278 100 
224.052 -5.67653 100 
224.148 -5.92 100 
224.243 -6.16319 100 
224.34 -6.40611 100 
224.436 -6.64875 100 
224.533 -6.89111 100 
224.631 -7.13319 100 
224.729 -7.375 100 
224.828 -7.61653 100 
224.927 -7.85778 100 
225.026 -8.09875 100 
225.126 -8.33944 100 
225.227 -8.57986 100 
225.328 -8.82 100 
225.429 -9.05986 100 
225.531 -9.29944 100 
225.633 -9.53875 100 
225.736 -9.77778 100 
225.839 -10.0165 100 
225.943 -10.255 100 
226.047 -10.4932 100 
226.151 -10.7311 100 
226.256 -10.9688 100 
226.362 -11.2061 100 
226.467 -11.4432 100 
226.574 -11.68 100 
226.68 -11.9165 100 
226.788 -12.1528 100 
226.895 -12.3888 100 
227.003 -12.6244 100 
227.112 -12.8599 100 
227.221 -13.095 100 
227.33 -13.3299 100 
227.44 -13.5644 100 
227.55 -13.7988 100 
227.661 -14.0328 100 
227.772 -14.2665 100 
227.883 -14.5 100 
227.995 -14.7332 100 
228.107 -14.9661 100 
228.22 -15.1988 100 
228.333 -15.4311 100 
228.446 -15.6632 100 
228.56 -15.895 100 
228.675 -16.1265 100 
228.789 -16.3578 100 
228.904 -16.5888 100 
229.02 -16.8194 100 
229.136 -17.0499 100 
229.252 -17.28 100 
229.369 -17.5099 100 
229.486 -17.7394 100 
229.604 -17.9688 100 
229.721 -18.1978 100 
229.84 -18.4265 100 
229.958 -18.655 100 
230.077 -18.8832 100 
230.197 -19.1111 100 
230.317 -19.3388 100 
230.437 -19.5661 100 
230.557 -19.7932 100 
230.678 -20.02 100 
230.799 -20.2465 100 
230.921 -20.4728 100 
231.043 -20.6988 100 
231.166 -20.9244 100 
231.288 -21.1499 100 
231.411 -21.375 100 
231.535 -21.5999 100 
231.659 -21.8244 100 
231.783 -22.0487 100 
231.907 -22.2728 100 
232.032 -22.4965 100 
232.158 -22.72 100 
232.283 -22.9432 100 
232.409 -23.1661 100 
232.535 -23.3888 100 
232.662 -23.6111 100 
232.789 -23.8332 100 
232.916 -24.055 100 
233.044 -24.2765 100 
233.172 -24.4978 100 
233.3 -24.7188 100 
233.429 -24.9394 100 
233.558 -25.1599 100 
233.687 -25.38 100 
233.817 -25.5999 100 
233.947 -25.8194 100 
234.077 -26.0388 100 
234.208 -26.2578 100 
234.339 -26.4765 100 
234.47 -26.695 100 
234.602 -26.9132 100 
234.733 -27.1311 100 
234.866 -27.3487 100 
234.998 -27.5661 100 
235.131 -27.7832 100 
235.264 -28 100 
235.397 -28.2165 100 
235.531 -28.4328 100 
235.665 -28.6487 100 
235.799 -28.8644 100 
235.934 -29.0799 100 
236.069 -29.295 100 
236.204 -29.5099 100 
236.34 -29.7244 100 
236.476 -29.9387 100 
236.612 -30.1528 100 
236.748 -30.3665 100 
236.885 -30.58 100 
237.022 -30.7932 100 
237.159 -31.0061 100 
237.296 -31.2188 100 
237.434 -31.4311 100 
237.572 -31.6432 100 
237.71 -31.855 100 
237.849 -32.0665 100 
237.988 -32.2778 100 
238.127 -32.4888 100 
238.266 -32.6994 100 
238.406 -32.9099 100 
238.546 -33.12 100 
238.686 -33.3299 100 
238.826 -33.5394 100 
238.967 -33.7488 100 
239.108 -33.9578 100 
239.249 -34.1665 100 
239.391 -34.375 100 
239.532 -34.5832 100 
239.674 -34.7911 100 
239.816 -34.9988 100 
239.959 -35.2061 100 
240.102 -35.4132 100 
240.244 -35.62 100 
240.388 -35.8265 100 
240.531 -36.0328 100 
240.675 -36.2387 100 
240.818 -36.4444 100 
240.962 -36.6499 100 
241.107 -36.855 100 
241.251 -37.0599 100 
241.396 -37.2644 100 
241.541 -37.4688 100 
241.686 -37.6728 100 
241.832 -37.8765 100 
241.977 -38.08 100 
242.123 -38.2832 100 
242.269 -38.4861 100 
242.415 -38.6887 100 
242.562 -38.8911 100 
242.709 -39.0932 100 
242.855 -39.295 100 
243.003 -39.4965 100 
243.15 -39.6978 100 
243.297 -39.8988 100 
243.445 -40.0994 100 
243.593 -40.2999 100 
243.741 -40.5 100 
243.889 -40.6999 100 
244.038 -40.8994 100 
244.186 -41.0988 100 
244.335 -41.2978 100 
244.484 -41.4965 100 
244.634 -41.695 100 
244.783 -41.8932 100 
244.932 -42.0911 100 
245.082 -42.2888 100 
245.232 -42.4861 100 
245.382 -42.6832 100 
245.533 -42.88 100 
245.683 -43.0765 100 
245.834 -43.2728 100 
245.984 -43.4688 100 
246.135 -43.6644 100 
246.286 -43.8599 100 
246.438 -44.055 100 
246.589 -44.2499 100 
246.741 -44.4444 100 
246.892 -44.6388 100 
247.044 -44.8328 100 
247.196 -45.0265 100 
247.349 -45.22 100 
247.501 -45.4132 100 
247.653 -45.6061 100 
247.806 -45.7987 100 
247.959 -45.9911 100 
248.112 -46.1832 100 
248.265 -46.375 100 
248.418 -46.5665 100 
248.571 -46.7578 100 
248.725 -46.9488 100 
248.878 -47.1394 100 
249.032 -47.3299 100 
249.186 -47.52 100 
249.34 -47.7099 100 
249.494 -47.8994 100 
249.648 -48.0888 100 
249.803 -48.2778 100 
249.957 -48.4665 100 
250.112 -48.655 100 
250.266 -48.8432 100 
250.421 -49.0311 100 
250.576 -49.2188 100 
250.731 -49.4061 100 
250.886 -49.5932 100 
251.042 -49.78 100 
251.197 -49.9665 100 
251.352 -50.1528 100 
251.508 -50.3387 100 
251.664 -50.5244 100 
251.819 -50.7099 100 
251.975 -50.895 100 
252.131 -51.0799 100 
252.287 -51.2644 100 
252.443 -51.4487 100 
252.599 -51.6328 100 
252.756 -51.8165 100 
252.912 -52 100 
253.068 -52.1832 100 
253.225 -52.3661 100 
253.382 -52.5488 100 
253.538 -52.7311 100 
253.695 -52.9132 100 
253.852 -53.095 100 
254.009 -53.2765 100 
254.166 -53.4578 100 
254.323 -53.6388 100 
254.48 -53.8194 100 
254.637 -53.9999 100 
254.794 -54.18 100 
254.951 -54.3599 100 
255.109 -54.5394 100 
255.266 -54.7188 100 
255.424 -54.8978 100 
255.581 -55.0765 100 
255.739 -55.255 100 
255.896 -55.4332 100 
256.054 -55.6111 100 
256.211 -55.7888 100 
256.369 -55.9661 100 
256.527 -56.1432 100 
256.685 -56.32 100 
256.843 -56.4965 100 
257 -56.6728 100 
257.158 -56.8487 100 
257.316 -57.0244 100 
257.474 -57.1999 100 
257.632 -57.375 100 
257.79 -57.5499 100 
257.948 -57.7244 100 
258.106 -57.8988 100 
258.264 -58.0728 100 
258.422 -58.2465 100 
258.58 -58.42 100 
258.739 -58.5932 100 
258.897 -58.7661 100 
259.055 -58.9387 100 
259.213 -59.1111 100 
259.371 -59.2832 100 
259.529 -59.455 100 
259.688 -59.6265 100 
259.846 -59.7978 100 
260.004 -59.9688 100 
260.162 -60.1394 100 
260.32 -60.3099 100 
260.478 -60.48 100 
260.636 -60.6499 100 
260.795 -60.8194 100 
260.953 -60.9888 100 
261.111 -61.1578 100 
261.269 -61.3265 100 
261.427 -61.495 100 
261.585 -61.6632 100 
261.743 -61.8311 100 
261.901 -61.9988 100 
262.059 -62.1661 100 
262.217 -62.3332 100 
262.375 -62.5 100 
262.533 -62.6665 100 
262.691 -62.8328 100 
262.849 -62.9988 100 
263.006 -63.1644 100 
263.164 -63.3299 100 
263.322 -63.495 100 
263.48 -63.6599 100 
263.637 -63.8244 100 
263.795 -63.9888 100 
263.952 -64.1528 100 
264.11 -64.3165 100 
264.267 -64.48 100 
264.425 -64.6432 100 
264.582 -64.8061 100 
264.739 -64.9688 100 
264.896 -65.1311 100 
265.054 -65.2932 100 
265.211 -65.455 100 
265.368 -65.6165 100 
265.525 -65.7778 100 
265.682 -65.9387 100 
265.838 -66.0994 100 
265.995 -66.2599 100 
266.152 -66.42 100 
266.309 -66.5799 100 
266.465 -66.7394 100 
266.622 -66.8987 100 
266.778 -67.0578 100 
266.934 -67.2165 100 
267.09 -67.375 100 
267.246 -67.5332 100 
267.403 -67.6911 100 
267.558 -67.8488 100 
267.714 -68.0061 100 
267.87 -68.1632 100 
268.026 -68.32 100 
268.181 -68.4765 100 
268.337 -68.6328 100 
268.492 -68.7887 100 
268.647 -68.9444 100 
268.803 -69.0999 100 
268.958 -69.255 100 
269.113 -69.4099 100 
269.267 -69.5644 100 
269.422 -69.7188 100 
269.577 -69.8728 100 
269.731 -70.0265 100 
269.885 -70.18 100 
270.04 -70.3332 100 
270.194 -70.4861 100 
270.348 -70.6388 100 
270.502 -70.7911 100 
270.655 -70.9432 100 
270.809 -71.095 100 
270.963 -71.2465 100 
271.116 -71.3978 100 
271.269 -71.5487 100 
271.422 -71.6994 100 
271.575 -71.8499 100 
271.728 -72 100 
271.881 -72.1499 100 
272.033 -72.2994 100 
272.186 -72.4488 100 
272.338 -72.5978 100 
272.49 -72.7465 100 
272.642 -72.895 100 
272.794 -73.0432 100 
272.945 -73.1911 100 
273.097 -73.3388 100 
273.248 -73.4861 100 
273.399 -73.6332 100 
273.55 -73.78 100 
273.701 -73.9265 100 
273.851 -74.0728 100 
274.002 -74.2188 100 
274.152 -74.3644 100 
274.302 -74.5099 100 
274.452 -74.655 100 
274.602 -74.7999 100 
274.752 -74.9444 100 
274.901 -75.0888 100 
275.05 -75.2328 100 
275.199 -75.3765 100 
275.348 -75.52 100 
275.497 -75.6632 100 
275.646 -75.8061 100 
275.794 -75.9487 100 
275.942 -76.0911 100 
276.09 -76.2332 100 
276.238 -76.375 100 
276.385 -76.5165 100 
276.532 -76.6578 100 
276.68 -76.7987 100 
276.827 -76.9394 100 
276.973 -77.0799 100 
277.12 -77.22 100 
277.266 -77.3599 100 
277.412 -77.4994 100 
277.558 -77.6388 100 
277.704 -77.7778 100 
277.849 -77.9165 100 
277.994 -78.055 100 
278.139 -78.1932 100 
278.284 -78.3311 100 
278.429 -78.4688 100 
278.573 -78.6061 100 
278.717 -78.7432 100 
278.861 -78.88 100 
279.005 -79.0165 100 
279.148 -79.1528 100 
279.291 -79.2888 100 
279.434 -79.4244 100 
279.577 -79.5599 100 
279.719 -79.695 100 
279.862 -79.8299 100 
280.004 -79.9644 100 
280.145 -80.0987 100 
280.287 -80.2328 100 
280.428 -80.3665 100 
280.569 -80.5 100 
280.71 -80.6332 100 
280.85 -80.7661 100 
280.99 -80.8988 100 
281.13 -81.0311 100 
281.27 -81.1632 100 
281.409 -81.295 100 
281.549 -81.4265 100 
281.688 -81.5578 100 
281.826 -81.6887 100 
281.964 -81.8194 100 
282.103 -81.9499 100 
282.24 -82.08 100 
282.378 -82.2099 100 
282.515 -82.3394 100 
282.652 -82.4688 100 
282.789 -82.5978 100 
282.925 -82.7265 100 
283.061 -82.855 100 
283.197 -82.9832 100 
283.333 -83.1111 100 
283.468 -83.2388 100 
283.603 -83.3661 100 
283.738 -83.4932 100 
283.872 -83.62 100 
284.006 -83.7465 100 
284.14 -83.8728 100 
284.273 -83.9988 100 
284.406 -84.1244 100 
284.539 -84.2499 100 
284.672 -84.375 100 
284.804 -84.4999 100 
284.936 -84.6244 100 
285.068 -84.7488 100 
285.199 -84.8728 100 
285.33 -84.9965 100 
285.461 -85.12 100 
285.591 -85.2432 100 
285.721 -85.3661 100 
285.851 -85.4887 100 
285.98 -85.6111 100 
286.109 -85.7332 100 
286.238 -85.855 100 
286.366 -85.9765 100 
286.494 -86.0978 100 
286.622 -86.2188 100 
286.749 -86.3394 100 
286.876 -86.4599 100 
287.003 -86.58 100 
287.129 -86.6999 100 
287.255 -86.8194 100 
287.381 -86.9387 100 
287.506 -87.0578 100 
287.631 -87.1765 100 
287.756 -87.295 100 
287.88 -87.4132 100 
288.004 -87.5311 100 
288.128 -87.6487 100 
288.251 -87.7661 100 
288.374 -87.8832 100 
288.496 -88 100 
288.618 -88.1165 100 
288.74 -88.2328 100 
288.861 -88.3488 100 
288.982 -88.4644 100 
289.103 -88.5799 100 
289.223 -88.695 100 
289.343 -88.8099 100 
289.462 -88.9244 100 
289.581 -89.0387 100 
289.7 -89.1528 100 
289.818 -89.2665 100 
289.936 -89.38 100 
290.054 -89.4932 100 
290.171 -89.6061 100 
290.288 -89.7188 100 
290.404 -89.8311 100 
290.52 -89.9432 100 
290.636 -90.055 100 
290.751 -90.1665 100 
290.866 -90.2778 100 
290.98 -90.3888 100 
291.094 -90.4994 100 
291.208 -90.6099 100 
291.321 -90.72 100 
291.434 -90.8299 100 
291.546 -90.9394 100 
291.658 -91.0488 100 
291.769 -91.1578 100 
291.88 -91.2665 100 
291.991 -91.375 100 
292.101 -91.4832 100 
292.211 -91.5911 100 
292.321 -91.6988 100 
292.43 -91.8061 100 
292.538 -91.9132 100 
292.646 -92.02 100 
292.754 -92.1265 100 
292.861 -92.2328 100 
292.968 -92.3388 100 
293.074 -92.4444 100 
293.18 -92.5499 100 
293.286 -92.655 100 
293.391 -92.7599 100 
293.495 -92.8644 100 
293.6 -92.9688 100 
293.703 -93.0728 100 
293.807 -93.1765 100 
293.909 -93.28 100 
294.012 -93.3832 100 
294.114 -93.4861 100 
294.215 -93.5888 100 
294.316 -93.6911 100 
294.417 -93.7932 100 
294.517 -93.895 100 
294.616 -93.9965 100 
294.715 -94.0978 100 
294.814 -94.1988 100 
294.912 -94.2994 100 
295.01 -94.3999 100 
295.107 -94.5 100 
295.204 -94.5999 100 
295.3 -94.6994 100 
295.396 -94.7987 100 
295.491 -94.8978 100 
295.586 -94.9965 100 
295.68 -95.095 100 
295.774 -95.1932 100 
295.867 -95.2911 100 
295.96 -95.3887 100 
296.053 -95.4861 100 
296.145 -95.5832 100 
296.236 -95.68 100 
296.327 -95.7765 100 
296.417 -95.8728 100 
296.507 -95.9688 100 
296.596 -96.0644 100 
296.685 -96.1599 100 
296.774 -96.255 100 
296.861 -96.3499 100 
296.949 -96.4444 100 
297.036 -96.5387 100 
297.122 -96.6328 100 
297.208 -96.7265 100 
297.293 -96.82 100 
297.378 -96.9132 100 
297.462 -97.0061 100 
297.545 -97.0987 100 
297.629 -97.1911 100 
297.711 -97.2832 100 
297.793 -97.375 100 
297.875 -97.4665 100 
297.956 -97.5578 100 
298.036 -97.6488 100 
298.116 -97.7394 100 
298.196 -97.8299 100 
298.275 -97.92 100 
298.353 -98.0099 100 
298.431 -98.0994 100 
298.508 -98.1887 100 
298.585 -98.2778 100 
298.661 -98.3665 100 
298.736 -98.455 100 
298.811 -98.5432 100 
298.886 -98.6311 100 
298.96 -98.7188 100 
299.033 -98.8061 100 
299.106 -98.8932 100 
299.178 -98.98 100 
299.25 -99.0665 100 
299.321 -99.1528 100 
299.391 -99.2388 100 
299.461 -99.3244 100 
299.531 -99.4099 100 
299.599 -99.495 100 
299.668 -99.5799 100 
299.735 -99.6644 100 
299.802 -99.7488 100 
299.869 -99.8328 100 
299.935 -99.9165 100 
300 -100 100 
300.065 -100.083 100 
300.129 -100.166 100 
300.193 -100.248 100 
300.257 -100.329 100 
300.32 -100.41 100 
300.382 -100.49 100 
300.444 -100.57 100 
300.506 -100.649 100 
300.568 -100.728 100 
300.629 -100.806 100 
300.689 -100.883 100 
300.749 -100.96 100 
300.809 -101.037 100 
300.868 -101.113 100 
300.927 -101.188 100 
300.985 -101.263 100 
301.043 -101.338 100 
301.101 -101.411 100 
301.158 -101.485 100 
301.215 -101.557 100 
301.271 -101.63 100 
301.327 -101.701 100 
301.383 -101.773 100 
301.438 -101.843 100 
301.492 -101.913 100 
301.547 -101.983 100 
301.601 -102.052 100 
301.654 -102.121 100 
301.707 -102.189 100 
301.76 -102.256 100 
301.812 -102.323 100 
301.864 -102.39 100 
301.916 -102.456 100 
301.967 -102.521 100 
302.017 -102.586 100 
302.068 -102.651 100 
302.118 -102.715 100 
302.167 -102.778 100 
302.216 -102.841 100 
302.265 -102.904 100 
302.313 -102.966 100 
302.361 -103.027 100 
302.409 -103.088 100 
302.456 -103.149 100 
302.503 -103.209 100 
302.549 -103.268 100 
302.595 -103.327 100 
302.641 -103.386 100 
302.686 -103.444 100 
302.731 -103.501 100 
302.775 -103.558 100 
302.82 -103.615 100 
302.863 -103.671 100 
302.907 -103.726 100 
302.95 -103.782 100 
302.992 -103.836 100 
303.034 -103.89 100 
303.076 -103.944 100 
303.118 -103.997 100 
303.159 -104.05 100 
303.2 -104.102 100 
303.24 -104.154 100 
303.28 -104.205 100 
303.32 -104.256 100 
303.359 -104.307 100 
303.398 -104.357 100 
303.437 -104.406 100 
303.475 -104.455 100 
303.513 -104.504 100 
303.55 -104.552 100 
303.587 -104.599 100 
303.624 -104.646 100 
303.661 -104.693 100 
303.697 -104.739 100 
303.732 -104.785 100 
303.768 -104.831 100 
303.803 -104.875 100 
303.837 -104.92 100 
303.872 -104.964 100 
303.906 -105.007 100 
303.939 -105.051 100 
303.973 -105.093 100 
304.006 -105.135 100 
304.038 -105.177 100 
304.07 -105.219 100 
304.102 -105.259 100 
304.134 -105.3 100 
304.165 -105.34 100 
304.196 -105.38 100 
304.227 -105.419 100 
304.257 -105.457 100 
304.287 -105.496 100 
304.316 -105.534 100 
304.345 -105.571 100 
304.374 -105.608 100 
304.403 -105.645 100 
304.431 -105.681 100 
304.459 -105.717 100 
304.487 -105.752 100 
304.514 -105.787 100 
304.541 -105.822 100 
304.567 -105.856 100 
304.594 -105.889 100 
304.62 -105.923 100 
304.645 -105.955 100 
304.671 -105.988 100 
304.696 -106.02 100 
304.72 -106.052 100 
304.745 -106.083 100 
304.769 -106.114 100 
304.792 -106.144 100 
304.816 -106.174 100 
304.839 -106.204 100 
304.862 -106.233 100 
304.884 -106.262 100 
304.906 -106.29 100 
304.928 -106.318 100 
304.95 -106.346 100 
304.971 -106.373 100 
304.992 -106.4 100 
305.013 -106.426 100 
305.033 -106.453 100 
305.053 -106.478 100 
305.073 -106.504 100 
305.092 -106.529 100 
305.111 -106.553 100 
305.13 -106.577 100 
305.149 -106.601 100 
305.167 -106.624 100 
305.185 -106.647 100 
305.203 -106.67 100 
305.22 -106.692 100 
305.237 -106.714 100 
305.254 -106.736 100 
305.27 -106.757 100 
305.287 -106.778 100 
305.303 -106.798 100 
305.318 -106.818 100 
305.334 -106.838 100 
305.349 -106.857 100 
305.364 -106.876 100 
305.378 -106.895 100 
305.392 -106.913 100 
305.406 -106.931 100 
305.42 -106.949 100 
305.433 -106.966 100 
305.447 -106.983 100 
305.459 -106.999 100 
305.472 -107.015 100 
305.484 -107.031 100 
305.496 -107.047 100 
305.508 -107.062 100 
305.52 -107.077 100 
305.531 -107.091 100 
305.542 -107.105 100 
305.553 -107.119 100 
305.563 -107.132 100 
305.573 -107.145 100 
305.583 -107.158 100 
305.593 -107.17 100 
305.602 -107.182 100 
305.611 -107.194 100 
305.62 -107.206 100 
305.629 -107.217 100 
305.637 -107.227 100 
305.645 -107.238 100 
305.653 -107.248 100 
305.661 -107.258 100 
305.668 -107.267 100 
305.675 -107.276 100 
305.682 -107.285 100 
305.689 -107.293 100 
305.695 -107.302 100 
305.701 -107.309 100 
305.707 -107.317 100 
305.713 -107.324 100 
305.718 -107.331 100 
305.723 -107.338 100 
305.728 -107.344 100 
305.733 -107.35 100 
305.737 -107.356 100 
305.742 -107.361 100 
305.746 -107.366 100 
305.749 -107.371 100 
305.753 -107.375 100 
305.756 -107.38 100 
305.759 -107.383 100 
305.762 -107.387 100 
305.764 -107.39 100 
305.767 -107.393 100 
305.769 -107.396 100 
305.771 -107.398 100 
305.772 -107.401 100 
305.774 -107.402 100 
305.775 -107.404 100 
305.776 -107.405 100 
305.777 -107.406 100 
305.777 -107.407 100 
305.778 -107.407 100 
305.778 -107.407 100 
305.778 -107.407 100 
305.777 -107.407 100 
305.777 -107.406 100 
305.776 -107.405 100 
305.775 -107.404 100 
305.774 -107.402 100 
305.773 -107.401 100 
305.771 -107.399 100 
305.769 -107.396 100 
305.767 -107.394 100 
305.765 -107.391 100 
305.762 -107.388 100 
305.76 -107.384 100 
305.757 -107.381 100 
305.754 -107.377 100 
305.751 -107.373 100 
305.747 -107.368 100 
305.744 -107.364 100 
305.74 -107.359 100 
305.736 -107.354 100 
305.732 -107.348 100 
305.727 -107.343 100 
305.723 -107.337 100 
305.718 -107.331 100 
305.713 -107.324 100 
305.708 -107.318 100 
305.702 -107.311 100 
305.697 -107.304 100 
305.691 -107.296 100 
305.685 -107.289 100 
305.679 -107.281 100 
305.673 -107.273 100 
305.666 -107.264 100 
305.66 -107.256 100 
305.653 -107.247 100 
305.646 -107.238 100 
305.639 -107.229 100 
305.631 -107.22 100 
305.624 -107.21 100 
305.616 -107.2 100 
305.608 -107.19 100 
305.6 -107.18 100 
305.592 -107.169 100 
305.583 -107.158 100 
305.575 -107.147 100 
305.566 -107.136 100 
305.557 -107.125 100 
305.548 -107.113 100 
305.539 -107.101 100 
305.53 -107.089 100 
305.52 -107.077 100 
305.51 -107.064 100 
305.5 -107.052 100 
305.49 -107.039 100 
305.48 -107.026 100 
305.47 -107.013 100 
305.459 -106.999 100 
305.449 -106.985 100 
305.438 -106.971 100 
305.427 -106.957 100 
305.416 -106.943 100 
305.404 -106.929 100 
305.393 -106.914 100 
305.381 -106.899 100 
305.37 -106.884 100 
305.358 -106.869 100 
305.346 -106.854 100 
305.334 -106.838 100 
305.321 -106.822 100 
305.309 -106.806 100 
305.296 -106.79 100 
305.284 -106.774 100 
305.271 -106.757 100 
305.258 -106.741 100 
305.245 -106.724 100 
305.231 -106.707 100 
305.218 -106.69 100 
305.204 -106.672 100 
305.191 -106.655 100 
305.177 -106.637 100 
305.163 -106.619 100 
305.149 -106.601 100 
305.135 -106.583 100 
305.12 -106.565 100 
305.106 -106.546 100 
305.091 -106.527 100 
305.077 -106.509 100 
305.062 -106.49 100 
305.047 -106.47 100 
305.032 -106.451 100 
305.017 -106.432 100 
305.001 -106.412 100 
304.986 -106.392 100 
304.971 -106.372 100 
304.955 -106.352 100 
304.939 -106.332 100 
304.923 -106.312 100 
304.907 -106.291 100 
304.891 -106.271 100 
304.875 -106.25 100 
304.859 -106.229 100 
304.842 -106.208 100 
304.826 -106.187 100 
304.809 -106.166 100 
304.792 -106.144 100 
304.776 -106.123 100 
304.759 -106.101 100 
304.742 -106.079 100 
304.724 -106.057 100 
304.707 -106.035 100 
304.69 -106.013 100 
304.673 -105.99 100 
304.655 -105.968 100 
304.637 -105.945 100 
304.62 -105.923 100 
304.602 -105.9 100 
304.584 -105.877 100 
304.566 -105.854 100 
304.548 -105.831 100 
304.53 -105.807 100 
304.512 -105.784 100 
304.493 -105.761 100 
304.475 -105.737 100 
304.456 -105.713 100 
304.438 -105.689 100 
304.419 -105.665 100 
304.4 -105.641 100 
304.381 -105.617 100 
304.363 -105.593 100 
304.344 -105.569 100 
304.325 -105.544 100 
304.305 -105.52 100 
304.286 -105.495 100 
304.267 -105.47 100 
304.248 -105.446 100 
304.228 -105.421 100 
304.209 -105.396 100 
304.189 -105.371 100 
304.17 -105.346 100 
304.15 -105.32 100 
304.13 -105.295 100 
304.11 -105.27 100 
304.09 -105.244 100 
304.071 -105.219 100 
304.051 -105.193 100 
304.03 -105.167 100 
304.01 -105.141 100 
303.99 -105.116 100 
303.97 -105.09 100 
303.95 -105.064 100 
303.929 -105.038 100 
303.909 -105.011 100 
303.888 -104.985 100 
303.868 -104.959 100 
303.847 -104.933 100 
303.827 -104.906 100 
303.806 -104.88 100 
303.786 -104.853 100 
303.765 -104.827 100 
303.744 -104.8 100 
303.723 -104.773 100 
303.702 -104.747 100 
303.681 -104.72 100 
303.66 -104.693 100 
303.639 -104.666 100 
303.618 -104.639 100 
303.597 -104.612 100 
303.576 -104.585 100 
303.555 -104.558 100 
303.534 -104.531 100 
303.513 -104.504 100 
303.492 -104.476 100 
303.47 -104.449 100 
303.449 -104.422 100 
303.428 -104.395 100 
303.406 -104.367 100 
303.385 -104.34 100 
303.364 -104.312 100 
303.342 -104.285 100 
303.321 -104.257 100 
303.299 -104.23 100 
303.278 -104.202 100 
303.256 -104.175 100 
303.235 -104.147 100 
303.213 -104.12 100 
303.192 -104.092 100 
303.17 -104.064 100 
303.149 -104.037 100 
303.127 -104.009 100 
303.105 -103.981 100 
303.084 -103.954 100 
303.062 -103.926 100 
303.04 -103.898 100 
303.019 -103.87 100 
302.997 -103.843 100 
302.976 -103.815 100 
302.954 -103.787 100 
302.932 -103.759 100 
302.911 -103.731 100 
302.889 -103.704 100 
302.867 -103.676 100 
302.846 -103.648 100 
302.824 -103.62 100 
302.802 -103.593 100 
302.781 -103.565 100 
302.759 -103.537 100 
302.737 -103.509 100 
302.716 -103.482 100 
302.694 -103.454 100 
302.672 -103.426 100 
302.651 -103.398 100 
302.629 -103.371 100 
302.608 -103.343 100 
302.586 -103.315 100 
302.564 -103.288 100 
302.543 -103.26 100 
302.521 -103.233 100 
302.5 -103.205 100 
302.478 -103.178 100 
302.457 -103.15 100 
302.436 -103.123 100 
302.414 -103.095 100 
302.393 -103.068 100 
302.371 -103.04 100 
302.35 -103.013 100 
302.329 -102.986 100 
302.307 -102.958 100 
302.286 -102.931 100 
302.265 -102.904 100 
302.244 -102.877 100 
302.223 -102.849 100 
302.201 -102.822 100 
302.18 -102.795 100 
302.159 -102.768 100 
302.138 -102.741 100 
302.117 -102.715 100 
302.096 -102.688 100 
302.075 -102.661 100 
302.055 -102.634 100 
302.034 -102.607 100 
302.013 -102.581 100 
301.992 -102.554 100 
301.972 -102.528 100 
301.951 -102.501 100 
301.93 -102.475 100 
301.91 -102.448 100 
301.889 -102.422 100 
301.869 -102.396 100 
301.848 -102.37 100 
301.828 -102.344 100 
301.808 -102.318 100 
301.788 -102.292 100 
301.767 -102.266 100 
301.747 -102.24 100 
301.727 -102.214 100 
301.707 -102.189 100 
301.687 -102.163 100 
301.667 -102.138 100 
301.648 -102.112 100 
301.628 -102.087 100 
301.608 -102.062 100 
301.589 -102.037 100 
301.569 -102.012 100 
301.55 -101.987 100 
301.53 -101.962 100 
301.511 -101.937 100 
301.492 -101.912 100 
301.472 -101.888 100 
301.453 -101.863 100 
301.434 -101.839 100 
301.415 -101.814 100 
301.396 -101.79 100 
301.377 -101.766 100 
301.359 -101.742 100 
301.34 -101.718 100 
301.321 -101.694 100 
301.303 -101.67 100 
301.285 -101.647 100 
301.266 -101.623 100 
301.248 -101.6 100 
301.23 -101.577 100 
301.212 -101.554 100 
301.194 -101.531 100 
301.176 -101.508 100 
301.158 -101.485 100 
301.14 -101.462 100 
301.123 -101.439 100 
301.105 -101.417 100 
301.088 -101.395 100 
301.071 -101.372 100 
301.053 -101.35 100 
301.036 -101.328 100 
301.019 -101.307 100 
301.002 -101.285 100 
300.985 -101.263 100 
300.969 -101.242 100 
300.952 -101.221 100 
300.935 -101.199 100 
300.919 -101.178 100 
300.903 -101.157 100 
300.887 -101.137 100 
300.87 -101.116 100 
300.855 -101.096 100 
300.839 -101.075 100 
300.823 -101.055 100 
300.807 -101.035 100 
300.792 -101.015 100 
300.776 -100.995 100 
300.761 -100.976 100 
300.746 -100.956 100 
300.731 -100.937 100 
300.716 -100.918 100 
300.701 -100.899 100 
300.686 -100.88 100 
300.672 -100.861 100 
300.657 -100.843 100 
300.643 -100.824 100 
300.629 -100.806 100 
300.615 -100.788 100 
300.601 -100.77 100 
300.587 -100.753 100 
300.573 -100.735 100 
300.56 -100.718 100 
300.546 -100.701 100 
300.533 -100.684 100 
300.52 -100.667 100 
300.507 -100.65 100 
300.494 -100.634 100 
300.481 -100.617 100 
300.469 -100.601 100 
300.456 -100.585 100 
300.444 -100.569 100 
300.432 -100.554 100 
300.42 -100.538 100 
300.408 -100.523 100 
300.396 -100.508 100 
300.385 -100.493 100 
300.373 -100.479 100 
300.362 -100.464 100 
300.351 -100.45 100 
300.34 -100.436 100 
300.329 -100.422 100 
300.319 -100.408 100 
300.308 -100.395 100 
300.298 -100.382 100 
300.287 -100.369 100 
300.277 -100.356 100 
300.268 -100.343 100 
300.258 -100.331 100 
300.248 -100.318 100 
300.239 -100.306 100 
300.23 -100.294 100 
300.221 -100.283 100 
300.212 -100.271 100 
300.203 -100.26 100 
300.194 -100.249 100 
300.186 -100.238 100 
300.178 -100.228 100 
300.17 -100.218 100 
300.162 -100.207 100 
300.154 -100.198 100 
300.147 -100.188 100 
300.139 -100.178 100 
300.132 -100.169 100 
300.125 -100.16 100 
300.118 -100.151 100 
300.111 -100.143 100 
300.105 -100.135 100 
300.099 -100.127 100 
300.093 -100.119 100 
300.087 -100.111 100 
300.081 -100.104 100 
300.075 -100.097 100 
300.07 -100.09 100 
300.065 -100.083 100 
300.06 -100.077 100 
300.055 -100.071 100 
300.051 -100.065 100 
300.046 -100.059 100 
300.042 -100.054 100 
300.038 -100.049 100 
300.034 -100.044 100 
300.03 -100.039 100 
300.027 -100.035 100 
300.024 -100.03 100 
300.021 -100.027 100 
300.018 -100.023 100 
300.015 -100.02 100 
300.013 -100.016 100 
300.011 -100.014 100 
300.009 -100.011 100 
300.007 -100.009 100 
300.005 -100.007 100 
300.004 -100.005 100 
300.003 -100.003 100 
300.002 -100.002 100 
300.001 -100.001 100 
300 -100.001 100 
300 -100 100 
300 -100 100 
300 -100 100 
300 -100 100 
300 -100 100 
300 -100 100 
300 -100 100 
300 -100 100 
300 -100 100 
300 -100 100 
300 -100 100 
300 -100 100 
300 -100 100 
300 -100 100 
300 -100 100 
300 -100 100 
300 -100 100 
300 -100 100 
300 -100 100 
300 -100 100 
300 -100 100 
300 -100 100 
300 -100 100 
300 -100 100 
300 -100 100 
300 -100 100 
300 -100 100 
300 -100 100 
300 -100 100 
300 -100 100 
300 -100 100 
300 -100 100 
300 -100 100 
300 -100 100 
300 -100 100 
300 -100 100 
300 -100 100 
300 -100 100 
300 -100 100 
300 -100 100 
300 -100 100 
300 -100 100 
300 -100 100 
300 -100 100 
300 -100 100 
300 -100 100 
300 -100 100 
300 -100 100 
300 -100 100 
300 -100 100 
300 -100 100 
300 -100 100 
300 -100 100 
300 -100 100 
300 -100 100 
300 -100 100 
300 -100 100 
300 -100 100 
300 -100 100 
300 -100 100 
300 -100 100 
300 -100 100 
300 -100 100 
300 -100 100 
300 -100 100 
300 -100 100 
300 -100 100 
300 -100 100 
300 -100 100 
300 -100 100 
300 -100 100 
300 -100 100 
300 -100 100 
300 -100 100 
300 -100 100 
300 -100 100 
300 -100 100 
300 -100 100 
300 -100 100 
300 -100 100 
300 -100 100 
300 -100 100 
300 -100 100 
300 -100 100 
300 -100 100 
300 -100 100 
300 -100 100 
300 -100 100 
300 -100 100 
300 -100 100 
300 -100 100 
300 -100 100 
300 -100 100 
300 -100 100 
300 -100 100 
300 -100 100 
300 -100 100 
300 -100 100 
300 -100 100 
300 -100 100 
300 -100 100 
300 -100 100 
300 -100 100 
300 -100 100 
300 -100 100 
300 -100 100 
300 -100 100 
300 -100 100 
300 -100 100 
300 -100 100 
300 -100 100 
300 -100 100 
300 -100 100 
300 -100 100 
300 -100 100 
300 -100 100 
300 -100 100 
300 -100 100 
300 -100 100 
300 -100 100 
300 -100 100 
300 -100 100 
300 -100 100 
300 -100 100 
300 -100 100 
300 -100 100 
300 -100 100 
300 -100 100 
300 -100 100 
300 -100 100 
300 -100 100 
300 -100 100 
300 -100 100 
300 -100 100 
300 -100 100 
300 -100 100 
300 -100 100 
300 -100 100 
300 -100 100 
300 -100 100 
300 -100 100 
300 -100 100 
300 -100 100 
300 -100 100 
300 -100 100 
300 -100 100 
300 -100 100 
300 -100 100 
300 -100 100 
300 -100 100 
300 -100 100 
300 -100 100 
300 -100 100 
300 -100 100 
300 -100 100 
300 -100 100 
300 -100 100 
300 -100 100 
300 -100 100 
300 -100 100 
300 -100 100 
300 -100 100 
300 -100 100 
300 -100 100 
300 -100 100 
300 -100 100 
300 -100 100 
300 -100 100 
300 -100 100 
300 -100 100 
300 -100 100 
300 -100 100 
300 -100 100 
300 -100 100 
300 -100 100 
300 -100 100 
300 -100 100 
300 -100 100 
300 -100 100 
300 -100 100 
300 -100 100 
300 -100 100 
300 -100 100 
300 -100 100 
300 -100 100 
300 -100 100 
300 -100 100 
300 -100 100 
300 -100 100 
300 -100 100 
300 -100 100 
300 -100 100 
300 -100 100 
300 -100 100 
300 -100 100 
300 -100 100 
300 -100 100 
300 -100 100 
300 -100 100 
300 -100 100 
300 -100 100 
300 -100 100 
300 -100 100 
300 -100 100 
300 -100 100 
300 -100 100 
300 -100 100 
300 -100 100 
300 -100 100 
300 -100 100 
300 -100 100 
300 -100 100 
300 -100 100 
300 -100 100 
300 -100 100 
300 -100 100 
300 -100 100 
300 -100 100 
300 -100 100 
300 -100 100 
300 -100 100 
300 -100 100 
300 -100 100 
300 -100 100 
300 -100 100 
300 -100 100 
300 -100 100 
300 -100 100 
300 -100 100 
300 -100 100 
300 -100 100 
300 -100 100 
300 -100 100 
300 -100 100 
300 -100 100 
300 -100 100 
300 -100 100 
300 -100 100 
300 -100 100 
300 -100 100 
300 -100 100 
300 -100 100 
300 -100 100 
300 -100 100 
300 -100 100 
300 -100 100 
300 -100 100 
300 -100 100 
300 -100 100 
300 -100 100 
300 -100 100 
300 -100 100 
300 -100 100 
300 -100 100 
300 -100 100 
300 -100 100 
300 -100 100 
300 -100 100 
300 -100 100 
300 -100 100 
300 -100 100 
300 -100 100 
300 -100 100 
300 -100 100 
300 -100 100 
300 -100 100 
300 -100 100 
300 -100 100 
300 -100 100 
300 -100 100 
300 -100 100 
300 -100 100 
300 -100 100 
300 -100 100 
300 -100 100 
300 -100 100 
300 -100 100 
300 -100 100 
300 -100 100 
300 -100 100 
300 -100 100 
300 -100 100 
300 -100 100 
300 -100 100 
300 -100 100 
300 -100 100 
300 -100 100 
300 -100 100 
300 -100 100 
300 -100 100 
300 -100 100 
300 -100 100 
300 -100 100 
300 -100 100 
300 -100 100 
300 -100 100 
300 -100 100 
300 -100 100 
300 -100 100 
300 -100 100 
300 -100 100 
300 -100 100 
300 -100 100 
300 -100 100 
300 -100 100 
300 -100 100 
300 -100 100 
300 -100 100 
300 -100 100 
300 -100 100 
300 -100 100 
300 -100 100 
300 -100 100 
300 -100 100 
300 -100 100 
300 -100 100 
300 -100 100 
300 -100 100 
300 -100 100 
300 -100 100 
300 -100 100 
300 -100 100 
300 -100 100 
300 -100 100 
300 -100 100 
300 -100 100 
300 -100 100 
300 -100 100 
300 -100 100 
300 -100 100 
300 -100 100 
300 -100 100 
300 -100 100 
300 -100 100 
300 -100 100 
300 -100 100 
300 -100 100 
300 -100 100 
300 -100 100 
300 -100 100 
300 -100 100 
300 -100 100 
300 -100 100 
300 -100 100 
300 -100 100 
300 -100 100 
300 -100 100 
300 -100 100 
300 -100 100 
300 -100 100 
300 -100 100 
300 -100 100 
300 -100 100 
300 -100 100 
300 -100 100 
300 -100 100 
300 -100 100 
300 -100 100 
300 -100 100 
300 -100 100 
300 -100 100 
300 -100 100 
300 -100 100 
300 -100 100 
300 -100 100 
300 -100 100 
300 -100 100 
300 -100 100 
300 -100 100 
300 -100 100 
300 -100 100 
300 -100 100 
300 -100 100 
300 -100 100 
300 -100 100 
300 -100 100 
300 -100 100 
300 -100 100 
300 -100 100 
300 -100 100 
300 -100 100 
300 -100 100 
300 -100 100 
300 -100 100 
300 -100 100 
300 -100 100 
300 -100 100 
300 -100 100 
300 -100 100 
300 -100 100 
300 -100 100 
300 -100 100 
300 -100 100 
300 -100 100 
300 -100 100 
300 -100 100 
300 -100 100 
300 -100 100 
300 -100 100 
300 -100 100 
300 -100 100 
300 -100 100 
300 -100 100 
300 -100 100 
300 -100 100 
300 -100 100 
300 -100 100 
300 -100 100 
300 -100 100 
300 -100 100 
300 -100 100 
300 -100 100 
300 -100 100 
300 -100 100 
300 -100 100 
300 -100 100 
300 -100 100 
300 -100 100 
300 -100 100 
300 -100 100 
300 -100 100 
300 -100 100 
300 -100 100 
300 -100 100 
300 -100 100 
300 -100 100 
300 -100 100 
300 -100 100 
300 -100 100 
300 -100 100 
300 -100 100 
300 -100 100 
300 -100 100 
300 -100 100 
300 -100 100 
300 -100 100 
300 -100 100 
300 -100 100 
300 -100 100 
300 -100 100 
300 -100 100 
300 -100 100 
300 -100 100 
300 -100 100 
300 -100 100 
300 -100 100 
300 -100 100 
300 -100 100 
300 -100 100 
300 -100 100 
300 -100 100 
300 -100 100 
300 -100 100 
300 -100 100 
300 -100 100 
300 -100 100 
300 -100 100 
300 -100 100 
300 -100 100 
300 -100 100 
300 -100 100 
300 -100 100 
300 -100 100 
300 -100 100 
300 -100 100 
300 -100 100 
300 -100 100 
300 -100 100 
300 -100 100 
300 -100 100 
300 -100 100 
300 -100 100 
300 -100 100 
300 -100 100 
300 -100 100 
300 -100 100 
300 -100 100 
300 -100 100 
300 -100 100 
300 -100 100 
300 -100 100 
300 -100 100 
300 -100 100 
300 -100 100 
300 -100 100 
300 -100 100 
300 -100 100 
300 -100 100 
300 -100 100 
300 -100 100 
300 -100 100 
300 -100 100 
300 -100 100 
300 -100 100 
300 -100 100 
300 -100 100 
300 -100 100 
300 -100 100 
300 -100 100 
300 -100 100 
300 -100 100 
300 -100 100 
300 -100 100 
300 -100 100 
300 -100 100 
300 -100 100 
300 -100 100 
300 -100 100 
300 -100 100 
300 -100 100 
300 -100 100 
300 -100 100 
300 -100 100 
300 -100 100 
300 -100 100 
300 -100 100 
300 -100 100 
300 -100 100 
300 -100 100 
300 -100 100 
300 -100 100 
300 -100 100 
300 -100 100 
300 -100 100 
300 -100 100 
300 -100 100 
300 -100 100 
300 -100 100 
300 -100 100 
300 -100 100 
300 -100 100 
300 -100 100 
300 -100 100 
300 -100 100 
300 -100 100 
300 -100 100 
300 -100 100 
300 -100 100 
300 -100 100 
300 -100 100 
300 -100 100 
300 -100 100 
300 -100 100 
300 -100 100 
300 -100 100 
300 -100 100 
300 -100 100 
300 -100 100 
300 -100 100 
300 -100 100 
300 -100 100 
300 -100 100 
300 -100 100 
300 -100 100 
300 -100 100 
300 -100 100 
300 -100 100 
300 -100 100 
300 -100 100 
300 -100 100 
300 -100 100 
300 -100 100 
300 -100 100 
300 -100 100 
300 -100 100 
300 -100 100 
300 -100 100 
300 -100 100 
300 -100 100 
300 -100 100 
300 -100 100 
300 -100 100 
300 -100 100 
300 -100 100 
300 -100 100 
300 -100 100 
300 -100 100 
300 -100 100 
300 -100 100 
300 -100 100 
300 -100 100 
300 -100 100 
300 -100 100 
300 -100 100 
300 -100 100 
300 -100 100 
300 -100 100 
300 -100 100 
300 -100 100 
300 -100 100 
300 -100 100 
300 -100 100 
300 -100 100 
300 -100 100 
300 -100 100 
300 -100 100 
300 -100 100 
300 -100 100 
300 -100 100 
300 -100 100 
300 -100 100 
