0 0 -100 0 
0.00299333 0 -100 0.00133037 
0.0119467 0 -100 0.00530963 
0.02682 0 -100 0.01192 
0.0475733 0 -100 0.0211437 
0.0741667 0 -100 0.032963 
0.10656 0 -100 0.04736 
0.144713 0 -100 0.064317 
0.188587 0 -100 0.0838163 
0.23814 0 -100 0.10584 
0.293333 0 -100 0.13037 
0.354127 0 -100 0.15739 
0.42048 0 -100 0.18688 
0.492353 0 -100 0.218824 
0.569707 0 -100 0.253203 
0.6525 0 -100 0.29 
0.740693 0 -100 0.329197 
0.834247 0 -100 0.370776 
0.93312 0 -100 0.41472 
1.03727 0 -100 0.46101 
1.14667 0 -100 0.50963 
1.26126 0 -100 0.56056 
1.38101 0 -100 0.613784 
1.50589 0 -100 0.669283 
1.63584 0 -100 0.72704 
1.77083 0 -100 0.787037 
1.91083 0 -100 0.849256 
2.05578 0 -100 0.91368 
2.20565 0 -100 0.98029 
2.36041 0 -100 1.04907 
2.52 0 -100 1.12 
2.68439 0 -100 1.19306 
2.85355 0 -100 1.26824 
3.02742 0 -100 1.34552 
3.20597 0 -100 1.42488 
3.38917 0 -100 1.5063 
3.57696 0 -100 1.58976 
3.76931 0 -100 1.67525 
3.96619 0 -100 1.76275 
4.16754 0 -100 1.85224 
4.37333 0 -100 1.9437 
4.58353 0 -100 2.03712 
4.79808 0 -100 2.13248 
5.01695 0 -100 2.22976 
5.24011 0 -100 2.32894 
5.4675 0 -100 2.43 
5.69909 0 -100 2.53293 
5.93485 0 -100 2.63771 
6.17472 0 -100 2.74432 
6.41867 0 -100 2.85274 
6.66667 0 -100 2.96296 
6.91866 0 -100 3.07496 
7.17461 0 -100 3.18872 
7.43449 0 -100 3.30422 
7.69824 0 -100 3.42144 
7.96583 0 -100 3.54037 
8.23723 0 -100 3.66099 
8.51238 0 -100 3.78328 
8.79125 0 -100 3.90722 
9.07381 0 -100 4.0328 
9.36 0 -100 4.16 
9.64979 0 -100 4.2888 
9.94315 0 -100 4.41918 
10.24 0 -100 4.55112 
10.5404 0 -100 4.68461 
10.8442 0 -100 4.81963 
11.1514 0 -100 4.95616 
11.4619 0 -100 5.09418 
11.7758 0 -100 5.23368 
12.0929 0 -100 5.37464 
12.4133 0 -100 5.51704 
12.7369 0 -100 5.66086 
13.0637 0 -100 5.80608 
13.3936 0 -100 5.95269 
13.7265 0 -100 6.10067 
14.0625 0 -100 6.25 
14.4015 0 -100 6.40066 
14.7434 0 -100 6.55264 
15.0883 0 -100 6.70592 
15.4361 0 -100 6.86048 
15.7867 0 -100 7.0163 
16.1401 0 -100 7.17336 
16.4962 0 -100 7.33165 
16.8551 0 -100 7.49115 
17.2166 0 -100 7.65184 
17.5808 0 -100 7.8137 
17.9476 0 -100 7.97672 
18.317 0 -100 8.14088 
18.6889 0 -100 8.30616 
19.0632 0 -100 8.47254 
19.44 0 -100 8.64 
19.8192 0 -100 8.80853 
20.2007 0 -100 8.97811 
20.5846 0 -100 9.14872 
20.9708 0 -100 9.32034 
21.3592 0 -100 9.49296 
21.7498 0 -100 9.66656 
22.1425 0 -100 9.84112 
22.5374 0 -100 10.0166 
22.9343 0 -100 10.193 
23.3333 0 -100 10.3704 
23.7343 0 -100 10.5486 
24.1373 0 -100 10.7277 
24.5422 0 -100 10.9076 
24.9489 0 -100 11.0884 
25.3575 0 -100 11.27 
25.7679 0 -100 11.4524 
26.18 0 -100 11.6356 
26.5939 0 -100 11.8195 
27.0095 0 -100 12.0042 
27.4267 0 -100 12.1896 
27.8455 0 -100 12.3758 
28.2658 0 -100 12.5626 
28.6877 0 -100 12.7501 
29.111 0 -100 12.9382 
29.5358 0 -100 13.127 
29.962 0 -100 13.3165 
30.3896 0 -100 13.5065 
30.8185 0 -100 13.6971 
31.2486 0 -100 13.8883 
31.68 0 -100 14.08 
32.1126 0 -100 14.2723 
32.5463 0 -100 14.465 
32.9812 0 -100 14.6583 
33.4172 0 -100 14.8521 
33.8542 0 -100 15.0463 
34.2922 0 -100 15.241 
34.7311 0 -100 15.4361 
35.171 0 -100 15.6316 
35.6117 0 -100 15.8274 
36.0533 0 -100 16.0237 
36.4957 0 -100 16.2203 
36.9389 0 -100 16.4173 
37.3828 0 -100 16.6146 
37.8273 0 -100 16.8121 
38.2725 0 -100 17.01 
38.7183 0 -100 17.2081 
39.1646 0 -100 17.4065 
39.6115 0 -100 17.6051 
40.0589 0 -100 17.8039 
40.5067 0 -100 18.003 
40.9549 0 -100 18.2022 
41.4034 0 -100 18.4015 
41.8523 0 -100 18.601 
42.3014 0 -100 18.8006 
42.7508 0 -100 19.0004 
43.2004 0 -100 19.2002 
43.6502 0 -100 19.4001 
44.1001 0 -100 19.6 
44.55 0 -100 19.8 
45 0 -100 20 
45.45 0 -100 20.2 
45.8999 0 -100 20.4 
46.3498 0 -100 20.5999 
46.7996 0 -100 20.7998 
47.2492 0 -100 20.9996 
47.6986 0 -100 21.1994 
48.1477 0 -100 21.399 
48.5966 0 -100 21.5985 
49.0451 0 -100 21.7978 
49.4933 0 -100 21.997 
49.9411 0 -100 22.1961 
50.3885 0 -100 22.3949 
50.8354 0 -100 22.5935 
51.2817 0 -100 22.7919 
51.7275 0 -100 22.99 
52.1727 0 -100 23.1879 
52.6172 0 -100 23.3854 
53.0611 0 -100 23.5827 
53.5043 0 -100 23.7797 
53.9467 0 -100 23.9763 
54.3883 0 -100 24.1726 
54.829 0 -100 24.3685 
55.2689 0 -100 24.564 
55.7078 0 -100 24.759 
56.1458 0 -100 24.9537 
56.5828 0 -100 25.1479 
57.0188 0 -100 25.3417 
57.4537 0 -100 25.535 
57.8874 0 -100 25.7277 
58.32 0 -100 25.92 
58.7514 0 -100 26.1117 
59.1815 0 -100 26.3029 
59.6104 0 -100 26.4935 
60.038 0 -100 26.6835 
60.4642 0 -100 26.873 
60.889 0 -100 27.0618 
61.3123 0 -100 27.2499 
61.7342 0 -100 27.4374 
62.1545 0 -100 27.6242 
62.5733 0 -100 27.8104 
62.9905 0 -100 27.9958 
63.4061 0 -100 28.1805 
63.82 0 -100 28.3644 
64.2321 0 -100 28.5476 
64.6425 0 -100 28.73 
65.0511 0 -100 28.9116 
65.4578 0 -100 29.0924 
65.8627 0 -100 29.2723 
66.2657 0 -100 29.4514 
66.6667 0 -100 29.6296 
67.0657 0 -100 29.807 
67.4626 0 -100 29.9834 
67.8575 0 -100 30.1589 
68.2502 0 -100 30.3334 
68.6408 0 -100 30.507 
69.0292 0 -100 30.6797 
69.4154 0 -100 30.8513 
69.7993 0 -100 31.0219 
70.1808 0 -100 31.1915 
70.56 0 -100 31.36 
70.9368 0 -100 31.5275 
71.3112 0 -100 31.6938 
71.683 0 -100 31.8591 
72.0524 0 -100 32.0233 
72.4192 0 -100 32.1863 
72.7834 0 -100 32.3482 
73.1449 0 -100 32.5089 
73.5038 0 -100 32.6684 
73.8599 0 -100 32.8266 
74.2133 0 -100 32.9837 
74.5639 0 -100 33.1395 
74.9117 0 -100 33.2941 
75.2566 0 -100 33.4474 
75.5985 0 -100 33.5993 
75.9375 0 -100 33.75 
76.2735 0 -100 33.8993 
76.6065 0 -100 34.0473 
76.9363 0 -100 34.1939 
77.2631 0 -100 34.3391 
77.5867 0 -100 34.483 
77.9071 0 -100 34.6254 
78.2242 0 -100 34.7663 
78.5381 0 -100 34.9058 
78.8486 0 -100 35.0438 
79.1558 0 -100 35.1804 
79.4596 0 -100 35.3154 
79.76 0 -100 35.4489 
80.0569 0 -100 35.5808 
80.3502 0 -100 35.7112 
80.64 0 -100 35.84 
80.9262 0 -100 35.9672 
81.2088 0 -100 36.0928 
81.4876 0 -100 36.2167 
81.7628 0 -100 36.339 
82.0342 0 -100 36.4596 
82.3018 0 -100 36.5786 
82.5655 0 -100 36.6958 
82.8254 0 -100 36.8113 
83.0813 0 -100 36.925 
83.3333 0 -100 37.037 
83.5813 0 -100 37.1473 
83.8253 0 -100 37.2557 
84.0652 0 -100 37.3623 
84.3009 0 -100 37.4671 
84.5325 0 -100 37.57 
84.7599 0 -100 37.6711 
84.9831 0 -100 37.7702 
85.2019 0 -100 37.8675 
85.4165 0 -100 37.9629 
85.6267 0 -100 38.0563 
85.8325 0 -100 38.1478 
86.0338 0 -100 38.2373 
86.2307 0 -100 38.3248 
86.423 0 -100 38.4102 
86.6108 0 -100 38.4937 
86.794 0 -100 38.5751 
86.9726 0 -100 38.6545 
87.1465 0 -100 38.7318 
87.3156 0 -100 38.8069 
87.48 0 -100 38.88 
87.6396 0 -100 38.9509 
87.7944 0 -100 39.0197 
87.9442 0 -100 39.0863 
88.0892 0 -100 39.1507 
88.2292 0 -100 39.213 
88.3642 0 -100 39.273 
88.4941 0 -100 39.3307 
88.619 0 -100 39.3862 
88.7387 0 -100 39.4394 
88.8533 0 -100 39.4904 
88.9627 0 -100 39.539 
89.0669 0 -100 39.5853 
89.1658 0 -100 39.6292 
89.2593 0 -100 39.6708 
89.3475 0 -100 39.71 
89.4303 0 -100 39.7468 
89.5077 0 -100 39.7812 
89.5795 0 -100 39.8131 
89.6459 0 -100 39.8426 
89.7067 0 -100 39.8696 
89.7619 0 -100 39.8942 
89.8114 0 -100 39.9162 
89.8553 0 -100 39.9357 
89.8934 0 -100 39.9526 
89.9258 0 -100 39.967 
89.9524 0 -100 39.9789 
89.9732 0 -100 39.9881 
89.9881 0 -100 39.9947 
89.997 0 -100 39.9987 
