200 200 
199.617 200.84 
198.475 203.298 
196.552 207.271 
193.791 212.647 
190.112 219.298 
185.415 227.081 
179.592 235.833 
172.534 245.371 
164.141 255.492 
154.329 265.97 
143.037 276.564 
130.24 287.015 
115.946 297.06 
100.208 306.432 
83.1254 314.873 
64.8396 322.143 
45.5374 328.027 
25.444 332.347 
4.81637 334.968 
-16.0647 335.804 
-36.9054 334.825 
-57.4091 332.055 
-77.2881 327.576 
-96.2736 321.519 
-114.126 314.062 
-130.64 305.424 
-145.655 295.851 
-159.054 285.61 
-170.764 274.98 
-180.759 264.238 
-189.052 253.655 
-195.688 243.488 
-200.743 233.971 
-204.31 225.315 
-206.495 217.705 
-207.403 211.3 
-207.135 206.23 
-205.776 202.603 
-203.388 200.505 
-200 200 
-195.583 200.946 
-190.13 203.082 
-183.66 206.272 
-176.176 210.366 
-167.667 215.209 
-158.121 220.638 
-147.518 226.482 
-135.847 232.564 
-123.099 238.705 
-109.281 244.719 
-94.4088 250.422 
-78.5194 255.631 
-61.6666 260.166 
-43.925 263.854 
-25.39 266.534 
-6.17781 268.059 
13.5758 268.3 
33.7174 267.148 
54.0786 264.521 
74.4793 260.364 
94.7323 254.65 
114.647 247.385 
134.036 238.606 
152.719 228.38 
170.525 216.805 
187.305 204.008 
202.926 190.137 
217.282 175.366 
230.294 159.882 
241.913 143.886 
252.118 127.585 
260.918 111.192 
268.351 94.9151 
274.482 78.9587 
279.398 63.5181 
283.209 48.777 
286.036 34.9057 
288.016 22.0604 
289.29 10.3827 
290 -2.84217e-014 
290.29 -9.22212 
290.272 -17.5159 
290.03 -24.9152 
289.635 -31.4596 
289.147 -37.1922 
288.613 -42.159 
288.073 -46.4077 
287.557 -49.9869 
287.087 -52.9458 
286.682 -55.3335 
286.353 -57.1991 
286.108 -58.5913 
285.95 -59.5585 
285.881 -60.1486 
285.9 -60.4092 
286.006 -60.3874 
286.195 -60.1301 
286.463 -59.6842 
286.808 -59.0961 
287.224 -58.4123 
287.709 -57.6796 
288.258 -56.9446 
288.869 -56.2543 
289.538 -55.6562 
290.262 -55.198 
291.038 -54.9281 
291.861 -54.8958 
292.727 -55.1509 
293.628 -55.7443 
294.557 -56.7279 
295.5 -58.1547 
296.442 -60.0784 
297.364 -62.5541 
298.238 -65.6374 
299.032 -69.3846 
299.705 -73.8518 
300.206 -79.0946 
300.474 -85.1669 
300.435 -92.1199 
300 -100 
299.104 -108.991 
297.644 -119.188 
295.461 -130.485 
292.394 -142.756 
288.291 -155.853 
283.007 -169.606 
276.42 -183.822 
268.43 -198.287 
258.968 -212.769 
248.001 -227.025 
235.536 -240.805 
221.621 -253.861 
206.346 -265.955 
189.845 -276.863 
172.287 -286.39 
153.876 -294.372 
134.841 -300.684 
115.433 -305.244 
95.9084 -308.018 
76.5284 -309.016 
57.5436 -308.298 
39.1886 -305.963 
21.6732 -302.152 
5.17667 -297.036 
-10.1567 -290.811 
-24.2207 -283.691 
-36.9474 -275.9 
-48.307 -267.665 
-58.3047 -259.206 
-66.9772 -250.735 
-74.3875 -242.451 
-80.6193 -234.532 
-85.771 -227.141 
-89.9491 -220.42 
-93.2619 -214.49 
-95.8133 -209.46 
-97.6969 -205.42 
-98.9901 -202.45 
-99.7483 -200.623 
