0 0 0 0 
1.4184 0 0.485 6.81732e-008 
2.7936 0 0.94 1.3427e-007 
4.1256 0 1.365 1.98291e-007 
5.4144 0 1.76 2.60235e-007 
6.66 0 2.125 3.20103e-007 
7.8624 0 2.46 3.77894e-007 
9.0216 0 2.765 4.33609e-007 
10.1376 0 3.04 4.87248e-007 
11.2104 0 3.285 5.38811e-007 
12.24 0 3.5 5.88297e-007 
13.2264 0 3.685 6.35707e-007 
14.1696 0 3.84 6.8104e-007 
15.0696 0 3.965 7.24297e-007 
15.9264 0 4.06 7.65478e-007 
16.74 0 4.125 8.04582e-007 
17.5104 0 4.16 8.4161e-007 
18.2376 0 4.165 8.76562e-007 
18.9216 0 4.14 9.09438e-007 
19.5624 0 4.085 9.40237e-007 
20.16 0 4 9.68959e-007 
20.7144 0 3.885 9.95606e-007 
21.2256 0 3.74 1.02018e-006 
21.6936 0 3.565 1.04267e-006 
22.1184 0 3.36 1.06309e-006 
22.5 0 3.125 1.08143e-006 
22.8384 0 2.86 1.09769e-006 
23.1336 0 2.565 1.11188e-006 
23.3856 0 2.24 1.12399e-006 
23.5944 0 1.885 1.13403e-006 
23.76 0 1.5 1.14199e-006 
23.8824 0 1.085 1.14787e-006 
23.9616 0 0.64 1.15168e-006 
23.9976 0 0.165 1.15341e-006 
23.9904 0 -0.34 1.15306e-006 
23.94 0 -0.875 1.15064e-006 
23.8464 0 -1.44 1.14614e-006 
23.7096 0 -2.035 1.13957e-006 
23.5296 0 -2.66 1.13091e-006 
23.3064 0 -3.315 1.12019e-006 
23.04 0 -4 1.10738e-006 
22.7304 0 -4.715 1.0925e-006 
22.3776 0 -5.46 1.07554e-006 
21.9816 0 -6.235 1.05651e-006 
21.5424 0 -7.04 1.0354e-006 
21.06 0 -7.875 1.01222e-006 
20.5344 0 -8.74 9.86954e-007 
19.9656 0 -9.635 9.59616e-007 
19.3536 0 -10.56 9.30201e-007 
18.6984 0 -11.515 8.9871e-007 
