0 0 -125 0 
0.07128 0 -124.976 3.42596e-009 
0.28224 0 -124.904 1.35654e-008 
0.62856 0 -124.789 3.02108e-008 
1.10592 0 -124.632 5.31543e-008 
1.71 0 -124.438 8.21885e-008 
2.43648 0 -124.208 1.17106e-007 
3.28104 0 -123.947 1.57698e-007 
4.23936 0 -123.656 2.03758e-007 
5.30712 0 -123.34 2.55079e-007 
6.48 0 -123 3.11451e-007 
7.75368 0 -122.64 3.72669e-007 
9.12384 0 -122.264 4.38523e-007 
10.5862 0 -121.874 5.08807e-007 
12.1363 0 -121.472 5.83314e-007 
13.77 0 -121.063 6.61834e-007 
15.4829 0 -120.648 7.44161e-007 
17.2706 0 -120.232 8.30087e-007 
19.129 0 -119.816 9.19404e-007 
21.0535 0 -119.405 1.0119e-006 
23.04 0 -119 1.10738e-006 
25.0841 0 -118.605 1.20563e-006 
27.1814 0 -118.224 1.30643e-006 
29.3278 0 -117.859 1.40959e-006 
31.5187 0 -117.512 1.5149e-006 
33.75 0 -117.188 1.62214e-006 
36.0173 0 -116.888 1.73112e-006 
38.3162 0 -116.617 1.84161e-006 
40.6426 0 -116.376 1.95342e-006 
42.9919 0 -116.17 2.06634e-006 
45.36 0 -116 2.18016e-006 
47.7425 0 -115.87 2.29467e-006 
50.135 0 -115.784 2.40966e-006 
52.5334 0 -115.744 2.52493e-006 
54.9331 0 -115.752 2.64028e-006 
57.33 0 -115.813 2.75548e-006 
59.7197 0 -115.928 2.87033e-006 
62.0978 0 -116.102 2.98464e-006 
64.4602 0 -116.336 3.09818e-006 
66.8023 0 -116.635 3.21075e-006 
69.12 0 -117 3.32215e-006 
71.4089 0 -117.435 3.43216e-006 
73.6646 0 -117.944 3.54058e-006 
75.883 0 -118.529 3.6472e-006 
78.0595 0 -119.192 3.75181e-006 
80.19 0 -119.938 3.85421e-006 
82.2701 0 -120.768 3.95418e-006 
84.2954 0 -121.687 4.05153e-006 
86.2618 0 -122.696 4.14604e-006 
88.1647 0 -123.799 4.2375e-006 
