14.4 0 5 6.92114e-007 
13.968 0 4.7 6.7135e-007 
13.536 0 4.4 6.50587e-007 
13.104 0 4.1 6.29824e-007 
12.672 0 3.8 6.0906e-007 
12.24 0 3.5 5.88297e-007 
11.808 0 3.2 5.67533e-007 
11.376 0 2.9 5.4677e-007 
10.944 0 2.6 5.26006e-007 
10.512 0 2.3 5.05243e-007 
10.08 0 2 4.8448e-007 
9.648 0 1.7 4.63716e-007 
9.216 0 1.4 4.42953e-007 
8.784 0 1.1 4.22189e-007 
8.352 0 0.8 4.01426e-007 
7.92 0 0.5 3.80663e-007 
7.488 0 0.2 3.59899e-007 
7.056 0 -0.1 3.39136e-007 
6.624 0 -0.4 3.18372e-007 
6.192 0 -0.7 2.97609e-007 
5.76 0 -1 2.76846e-007 
5.328 0 -1.3 2.56082e-007 
4.896 0 -1.6 2.35319e-007 
4.464 0 -1.9 2.14555e-007 
4.032 0 -2.2 1.93792e-007 
3.6 0 -2.5 1.73028e-007 
3.168 0 -2.8 1.52265e-007 
2.736 0 -3.1 1.31502e-007 
2.304 0 -3.4 1.10738e-007 
1.872 0 -3.7 8.99748e-008 
1.44 0 -4 6.92114e-008 
1.008 0 -4.3 4.8448e-008 
0.576 0 -4.6 2.76846e-008 
0.144 0 -4.9 6.92114e-009 
-0.288 0 -5.2 -1.38423e-008 
-0.72 0 -5.5 -3.46057e-008 
-1.152 0 -5.8 -5.53691e-008 
-1.584 0 -6.1 -7.61325e-008 
-2.016 0 -6.4 -9.68959e-008 
-2.448 0 -6.7 -1.17659e-007 
-2.88 0 -7 -1.38423e-007 
-3.312 0 -7.3 -1.59186e-007 
-3.744 0 -7.6 -1.7995e-007 
-4.176 0 -7.9 -2.00713e-007 
-4.608 0 -8.2 -2.21476e-007 
-5.04 0 -8.5 -2.4224e-007 
-5.472 0 -8.8 -2.63003e-007 
-5.904 0 -9.1 -2.83767e-007 
-6.336 0 -9.4 -3.0453e-007 
-6.768 0 -9.7 -3.25293e-007 
